0 0.3132275132275131 0.19419642857142855 0.14021164021164012 0.06696428571428571
0 0.7186507936507935 0.19159226190476186 0.13095238095238088 0.07514880952380949
0 0.3489417989417989 0.33742559523809523 0.2619047619047619 0.08110119047619051
0 0.6730158730158728 0.33668154761904756 0.26984126984126994 0.07217261904761899
3 0.5400793650793649 0.2589285714285714 0.23412698412698416 0.05357142857142859
3 0.5030423280423278 0.10081845238095237 0.3690476190476191 0.05877976190476189
3 0.31785714285714267 0.41331845238095233 0.20502645502645495 0.023065476190476157
3 0.6690476190476189 0.40178571428571425 0.193121693121693 0.02232142857142859
3 0.48452380952380936 0.5334821428571428 0.257936507936508 0.02232142857142847
3 0.2537037037037036 0.5654761904761905 0.12698412698412695 0.01934523809523796
3 0.5010582010582009 0.6023065476190476 0.11904761904761914 0.04092261904761898
3 0.48452380952380936 0.6711309523809523 0.13624338624338622 0.03720238095238102
3 0.2748677248677247 0.6376488095238095 0.12433862433862428 0.013392857142857177
3 0.29206349206349197 0.7202380952380951 0.16666666666666666 0.022321428571428707
0 0.2914021164021163 0.671875 0.20502645502645514 0.04910714285714306
0 0.30595238095238086 0.7697172619047618 0.2208994708994708 0.057291666666666664
0 0.27619047619047615 0.6063988095238095 0.19047619047619055 0.046130952380952314
3 0.4375661375661373 0.8344494047619047 0.5529100529100529 0.02157738095238102
3 0.5222222222222221 0.8973214285714285 0.357142857142857 0.02827380952380949
0 0.23386243386243374 0.8936011904761904 0.13492063492063497 0.06994047619047615
9 0.3350529100529099 0.4713541666666667 0.26851851851851855 0.07217261904761899
9 0.684259259259259 0.4646577380952381 0.2182539682539683 0.06770833333333333
6 0.49510582010582005 0.5048363095238095 0.779100529100529 0.9501488095238095