3 0.24444444444444433 0.10825892857142856 0.11375661375661379 0.04985119047619048
3 0.2576719576719575 0.1837797619047619 0.09523809523809527 0.050595238095238075
9 0.542063492063492 0.11569940476190475 0.4391534391534391 0.060267857142857144
9 0.5341269841269839 0.19903273809523808 0.4312169312169313 0.05431547619047616
9 0.5182539682539681 0.28422619047619047 0.41798941798941813 0.06696428571428564
3 0.2636243386243386 0.2782738095238095 0.06746031746031748 0.043154761904761925
0 0.2715608465608465 0.37425595238095233 0.07804232804232798 0.07738095238095231
0 0.38928571428571407 0.37462797619047616 0.08597883597883602 0.078125
0 0.5083333333333331 0.36941964285714285 0.07804232804232798 0.0840773809523809
0 0.6108465608465607 0.3675595238095238 0.0820105820105819 0.06994047619047615
0 0.5003968253968252 0.4579613095238095 0.5383597883597883 0.08110119047619051
9 0.493121693121693 0.5383184523809523 0.4656084656084654 0.045386904761904864
2 0.5208994708994708 0.626860119047619 0.5634920634920634 0.13764880952380948
6 0.542063492063492 0.37462797619047616 0.7486772486772486 0.6793154761904762