3 0.31443089430894305 0.1864475340085096 0.29245709123757907 0.0314616168274705
3 0.34040198735320676 0.2770869539162222 0.30149051490514894 0.041948822436627294
3 0.3432249322493223 0.3564900820998381 0.29584462511291776 0.03445796128722953
0 0.6452800361336946 0.1842002756636903 0.29019873532068663 0.05243602804578415
0 0.6503613369467027 0.26023251633007727 0.2732610659439927 0.06067597531012164
0 0.6514905149051489 0.3317702403068256 0.2664859981933152 0.056930544735422715
0 0.23990514905149044 0.45199856175465924 0.11856368563685633 0.0876430754479534
0 0.4425925925925926 0.44712950200755075 0.1287262872628726 0.08539581710313417
0 0.6147922312556459 0.44488224366273144 0.11404697380307142 0.0898903337927729
0 0.7717479674796747 0.4332714088811649 0.11178861788617887 0.08015221429855576
0 0.47816169828364935 0.575223227662252 0.6379855465221319 0.1048720560915683
2 0.462917795844625 0.6913315754779169 0.575880758807588 0.11535926170072522
2 0.4742095754290876 0.833283394259004 0.5465221318879856 0.13558458680409916
6 0.48945347786811194 0.5018127883981542 0.7892953929539296 0.816503865284353