6 0.5050264550264549 0.47395833333333326 0.9232804232804235 0.8497023809523809
0 0.7265873015873014 0.17113095238095238 0.2579365079365078 0.08035714285714282
0 0.749074074074074 0.259672619047619 0.2658730158730158 0.05505952380952379
0 0.7457671957671956 0.3359375 0.2539682539682539 0.06919642857142846
0 0.7556878306878304 0.41369047619047616 0.26851851851851855 0.05952380952380949
0 0.16904761904761892 0.5688244047619047 0.1613756613756613 0.05580357142857129
0 0.16904761904761892 0.6305803571428572 0.16931216931216914 0.05580357142857129
0 0.18359788359788354 0.6964285714285713 0.193121693121693 0.05654761904761898
0 0.204100529100529 0.759672619047619 0.17857142857142838 0.05803571428571435
0 0.23783068783068775 0.8370535714285713 0.23809523809523805 0.07738095238095231
0 0.49907407407407395 0.8359374999999999 0.2103174603174603 0.07068452380952385
0 0.7497354497354496 0.7455357142857141 0.2883597883597885 0.0714285714285713
0 0.44087301587301575 0.49627976190476186 0.7341269841269842 0.07440476190476192
9 0.2814814814814813 0.17410714285714282 0.40211640211640204 0.07440476190476192
9 0.29007936507936494 0.26376488095238093 0.3849206349206348 0.05431547619047621
9 0.286111111111111 0.3448660714285714 0.38756613756613767 0.06622023809523808
9 0.2887566137566136 0.4248511904761904 0.38756613756613745 0.06696428571428564