9 0.3237654320987654 0.19997310381925765 0.300332383665717 0.05976929053852129
9 0.32792022792022796 0.25899527822604745 0.28490028490028485 0.05528659374813224
9 0.33029439696106355 0.32474149781842093 0.26353276353276345 0.06126352280198431
9 0.3403846153846153 0.3916083916083916 0.2670940170940172 0.060516406670252806
9 0.49707977207977205 0.5443936405474866 0.19824311490978147 0.06275775506544733
9 0.5042022792022792 0.6247086247086248 0.16500474833808165 0.06499910346064186
9 0.5231956315289648 0.7065178411332257 0.1887464387464387 0.06275775506544733
9 0.537440645773979 0.7916890801506186 0.20299145299145305 0.05827505827505827
9 0.740432098765432 0.5410316179546949 0.195868945868946 0.056033709879863745
3 0.30655270655270656 0.12600860677783754 0.28252611585944915 0.02839041300579763
3 0.5315052231718898 0.47453828223058997 0.6042260208926875 0.03511445819138121
0 0.2745014245014245 0.5544797083258621 0.14957264957264968 0.059022174406789786
0 0.2750949667616334 0.6407716215408523 0.14838556505223185 0.06126352280198431
0 0.2845916429249762 0.7154832347140039 0.1531339031339032 0.05528659374813224
0 0.28874643874643874 0.792809754348216 0.14007597340930672 0.05304524535293744
0 0.3154558404558404 0.8716305062458909 0.20061728395061715 0.05976929053852129
0 0.578395061728395 0.8682684836530989 0.22792022792022773 0.06798756798756816
0 0.7576448243114909 0.7913155220847528 0.15194681861348516 0.06350487119717885
9 0.6953228869895536 0.19287550056780828 0.16025641025641027 0.054539477616400725
9 0.7030389363722696 0.25077700077700077 0.11396011396011398 0.049309664694280095
9 0.7071937321937322 0.3053164783934015 0.10802469135802455 0.04183850337696493
9 0.716690408357075 0.3639650947343255 0.07716049382716042 0.04856254856254852
9 0.5730531813865146 0.3774131851054928 0.10327635327635318 0.05304524535293771
9 0.5683048433048432 0.315402546171777 0.09852801519468181 0.05155101308947466
9 0.5582146248812916 0.2601159524236447 0.09259259259259259 0.05304524535293771
9 0.5475308641975308 0.19549040702886855 0.08784425451092122 0.050803896957743115
6 0.5089506172839506 0.514508995278226 0.7561728395061729 0.8636662482816329