0 0.1749999999999999 0.06696428571428571 0.10185185185185164 0.05654761904761904
3 0.448148148148148 0.06956845238095237 0.4047619047619047 0.05282738095238096
3 0.4825396825396824 0.13913690476190474 0.6825396825396826 0.05654761904761904
3 0.2755291005291004 0.2109375 0.1997354497354498 0.03943452380952384
4 0.6333333333333331 0.22209821428571427 0.4761904761904761 0.07217261904761904
9 0.2993386243386243 0.3087797619047619 0.33730158730158727 0.06547619047619051
3 0.31388888888888866 0.3727678571428571 0.3611111111111111 0.03869047619047616
1 0.31190476190476174 0.43303571428571425 0.37037037037037035 0.052083333333333336
1 0.32050264550264534 0.49999999999999994 0.37433862433862447 0.04910714285714282
1 0.3456349206349206 0.5718005952380951 0.4166666666666667 0.04985119047619027
1 0.36746031746031727 0.6514136904761905 0.4444444444444444 0.04836309523809537
6 0.5156084656084654 0.39471726190476186 0.8941798941798939 0.7834821428571427