6 0.4562446898895497 0.4891681763285024 0.8269612007929762 0.9473128019323672
0 0.23392806570376662 0.7850618961352657 0.2388369678089305 0.08831521739130435
0 0.21599169262720666 0.8869640700483091 0.19163598602850937 0.08378623188405808
3 0.4236760124610592 0.1000528381642512 0.33512697064098934 0.04679951690821258
3 0.4491645426224865 0.2351675724637681 0.6674218823751533 0.057367149758454035
3 0.31888983290852446 0.17213919082125606 0.410648541489663 0.0173611111111111
4 0.22684791843670343 0.31517964975845414 0.22656471254602092 0.07699275362318836
3 0.286321155480034 0.47256189613526567 0.33795902954781465 0.04302536231884053
4 0.22023978098744448 0.5657835144927535 0.20768431983385247 0.06793478260869565
2 0.6020957235910507 0.6080540458937198 0.3237987350136883 0.144927536231884
2 0.6053997923156802 0.3385794082125604 0.33418295100538087 0.1419082125603865