0 0.36368102796674223 0.16014623850444745 0.19501133786848066 0.07839589929142167
0 0.5813681027966742 0.17446856625961102 0.24489795918367346 0.10402532790592489
0 0.3704837490551776 0.2532413689130107 0.19047619047619047 0.06256595808834611
0 0.5526455026455026 0.2675636966681743 0.21164021164021163 0.09121061359867323
0 0.35687830687830685 0.33389868837630027 0.16175359032501893 0.06859641187999395
0 0.5371504157218443 0.3512362430272878 0.201814058956916 0.07311925222372986
0 0.3508314436885865 0.411163877581788 0.14965986394557823 0.06181215136439015
0 0.5288359788359789 0.42058646163123775 0.2078609221466365 0.07613447911955372
0 0.34705215419501134 0.48692145333936376 0.13907785336356765 0.05502789084878636
0 0.5193877551020408 0.4974747474747475 0.17687074829931973 0.06558118498416995
0 0.34251700680272107 0.5641866425448515 0.16326530612244897 0.07839589929142175
0 0.5515117157974301 0.5675787728026533 0.2199546485260772 0.05804311774461035
0 0.34062736205593347 0.6576586763153928 0.147392290249433 0.06030453791647808
0 0.5352607709750566 0.6542665460575908 0.20559334845049126 0.07161163877581794
0 0.3599017384731671 0.7285165083672548 0.15117157974300832 0.058796924468566464
0 0.5401738473167044 0.7285165083672546 0.1836734693877551 0.052766470676918475
0 0.3852229780801209 0.8129428614503241 0.31368102796674224 0.07538067239559791
0 0.6841647770219198 0.81558118498417 0.22373393801965216 0.07914970601537787
6 0.4921768707482993 0.5238579828132066 0.6666666666666666 0.9053218754711293