7 0.4547325102880658 0.8672288359788359 0.7388701833146276 0.041335978835978913
2 0.45206028539361864 0.6748286435786436 0.7014590347923682 0.2878487253487252
0 0.42199775533108863 0.14159451659451658 0.7054673721340388 0.057118807118807104
0 0.4400352733686066 0.21975709475709473 0.6880979103201325 0.07215007215007217
0 0.7560258671369782 0.29115560365560367 0.1068889957778845 0.07215007215007217
9 0.387258831703276 0.3069384319384319 0.5825450269894713 0.0992063492063492
0 0.7212869435091656 0.38547679172679167 0.17369461813906262 0.05937349687349679
0 0.5562770562770563 0.3907377344877345 0.10020843354176677 0.06388287638287647
0 0.42600609267275924 0.3948713323713323 0.11757789535567327 0.060125060125060144
0 0.23293784404895515 0.39825336700336694 0.23114745336967568 0.06538600288600296
0 0.17949334616001278 0.4831800144300144 0.124258457591791 0.06538600288600296
0 0.3458393458393458 0.483555796055796 0.11757789535567306 0.06613756613756622
0 0.5021645021645021 0.47679172679172677 0.11757789535567306 0.06463443963443961
0 0.6524771524771524 0.47453703703703703 0.11356955801400243 0.0661375661375661
0 0.7787397787397786 0.47040343915343913 0.09620009620009613 0.062379749879749875
6 0.4533963978408423 0.5106120731120731 0.8056758056758058 0.8327320827320829