3 0.23110624315443593 0.14994321472355723 0.08160986190752313 0.07746865527952648
3 0.4705667590146683 0.16009687342524276 0.40160642570281135 0.034597651872409894
3 0.33043403560767126 0.2349330986709989 0.11060283916414322 0.07596440954594341
3 0.5865386680411485 0.24809524883985046 0.4445589846015078 0.042118880540325046
3 0.303588686295986 0.3443669757891649 0.06979790821038166 0.07671653241273495
3 0.5382170392801151 0.34248666862218613 0.3973111698129416 0.033845529005618366
3 0.37231278053390027 0.4180750167347338 0.17288404956725287 0.05716133787615544
3 0.6112363894078989 0.4173228938679423 0.296372656401005 0.025572177470911766
2 0.5623778536606319 0.5564656242243732 0.791400897708481 0.18953496243146276
3 0.452848828468956 0.7933843272637019 0.1857698172368619 0.07220379521198575
3 0.6708330648798401 0.7881194671961611 0.2072460966862101 0.02707642320449483
6 0.5462706440736206 0.5026888392487797 0.8407963404419818 0.8491467166076251