3 0.28828527960221156 0.1291627809031016 0.2912909569928383 0.039860413344965547
5 0.45202048313481014 0.3980325501639541 0.6020631563323313 0.28579164285069647
3 0.3958959516123047 0.6157606570199452 0.2616052543693644 0.04437291296892396
0 0.5962744443207539 0.613504407207966 0.1410070874615014 0.07445624379531296
0 0.6018405135626553 0.6894648175445985 0.11688745407992857 0.07445624379531296
0 0.6106534565289993 0.7582804368099636 0.11039370663104381 0.06317499473541706
0 0.6078704219080485 0.8252158478986793 0.12894727077071486 0.07069582744201436
3 0.4102749638205499 0.8079179326735056 0.24769008126461087 0.03309166390902806
3 0.4023896990611896 0.7541439788213351 0.25974989795539716 0.038356246803646014
3 0.39867898623325543 0.6905929424505881 0.27644810568110134 0.02557083120243068
6 0.48541689858621845 0.5074606660449446 0.8154291439385506 0.9363436719713606