6 0.5091448643410853 0.5237100290697675 0.6591166020671835 0.7585392441860465
3 0.5414446059431525 0.2087875484496124 0.4572432170542636 0.06964631782945736
3 0.35117894056847543 0.2685925387596899 0.17562984496124032 0.02119670542635659
3 0.3451227390180879 0.36549176356589147 0.1837047803617571 0.01968265503875969
3 0.32140261627906974 0.676250605620155 0.15241440568475453 0.02043968023255814
3 0.4844153746770026 0.5339298691860465 0.11506782945736434 0.015897529069767442
3 0.6297642118863049 0.5460422722868217 0.07065568475452197 0.015897529069767442
3 0.31181363049095606 0.5562621124031008 0.06258074935400516 0.01665455426356589
3 0.32089793281653745 0.5854075823643411 0.14938630490956073 0.02043968023255814
9 0.3955910852713178 0.3125 0.30079134366925064 0.06964631782945736
9 0.39962855297157623 0.4146984011627907 0.30886627906976744 0.04996366279069767
0 0.34815083979328165 0.6255299176356589 0.24628552971576229 0.052234738372093026
0 0.488452842377261 0.4851017441860465 0.5289082687338501 0.07721656976744186
2 0.4844153746770026 0.7750423934108527 0.5289082687338501 0.15291908914728683
9 0.3885255167958656 0.8851895591085271 0.31492248062015504 0.037094234496124034