0 0.22291700069477843 0.16151094276094277 0.1817112928224039 0.05486411736411732
3 0.5823312489979156 0.16038359788359788 0.47832825610603397 0.039081289081289064
8 0.46809363476030136 0.22576960076960076 0.6667201111645555 0.048100048100048115
3 0.48947143391587833 0.275748556998557 0.20976965421409877 0.015782828282828253
3 0.45072417294639505 0.4598815536315536 0.21778632889744004 0.014279701779701875
3 0.44671583560472444 0.6357473544973544 0.2311474533696755 0.014279701779701875
8 0.47343808454919556 0.6992544492544491 0.7094757094757095 0.048100048100048115
8 0.46141307252418357 0.5226370851370851 0.7228368339479451 0.033068783068783164
8 0.4547325102880657 0.3298611111111111 0.6667201111645555 0.041335978835978913
1 0.2523114745336967 0.39787758537758533 0.26187803965581746 0.052609427609427585
1 0.2242531131420019 0.5853926166426165 0.24317246539468762 0.04734848484848487
1 0.26700871145315574 0.7755381192881193 0.2886002886002886 0.05035473785473785
1 0.27636149858372067 0.8488155363155362 0.3126503126503126 0.05110630110630109
6 0.4914756025867135 0.49896284271284264 0.8658008658008658 0.7989117364117364