3 0.3851233924226624 0.22730654761904762 0.48463180892795055 0.08407738095238093
3 0.4839366403495704 0.31101190476190477 0.28700531307413457 0.09375
3 0.4253438601718059 0.39694940476190477 0.2095436714831917 0.09002976190476186
3 0.41839217438800336 0.5063244047619048 0.20358508366850395 0.055803571428571355
8 0.22970356025621927 0.324032738095238 0.1360544217687075 0.06622023809523814
8 0.22275187447241662 0.41741071428571425 0.11420626644818511 0.04613095238095237
8 0.21530363970405675 0.5119047619047619 0.11321316847907044 0.05803571428571423
0 0.2465862257311683 0.1056547619047619 0.24330900243309006 0.10416666666666666
3 0.34093053279706037 0.6183035714285714 0.33864640746809666 0.032738095238095254
3 0.3255375142757833 0.7250744047619048 0.3058741744873132 0.030505952380952373
4 0.6532598440836188 0.6186755952380952 0.272108843537415 0.09300595238095255
4 0.6691494115894533 0.7265625 0.3475842891901285 0.07961309523809526
6 0.48989522816425835 0.5115327380952381 0.7895128854461493 0.9516369047619048