3 0.50628134465465 0.09226190476190475 0.6177069367893142 0.05208333333333333
9 0.49635036496350365 0.26078869047619047 0.6633894433685883 0.17485119047619052
0 0.2773722627737226 0.425595238095238 0.16584736084214707 0.09970238095238101
0 0.5037985997318635 0.43861607142857145 0.12413724613933151 0.09002976190476186
0 0.6885148219871889 0.45647321428571425 0.11420626644818523 0.08258928571428577
0 0.7947763046824569 0.4631696428571429 0.08044093549828711 0.08258928571428577
0 0.7863349719449824 0.5755208333333333 0.09533740503500684 0.0885416666666666
0 0.6626942747902079 0.5662202380952381 0.1380406177069367 0.08630952380952372
0 0.48492973831868513 0.5610119047619048 0.15591638115100065 0.11309523809523814
0 0.26396544019067475 0.5450148809523809 0.1648542628730324 0.11235119047619051
0 0.2465862257311683 0.6848958333333333 0.17379214459506426 0.10788690476190474
0 0.4620884850290481 0.6927083333333333 0.15393018521277133 0.10267857142857136
0 0.6537563930681762 0.6897321428571429 0.1380406177069367 0.09523809523809526
0 0.7932866577287849 0.6979166666666666 0.11321316847907056 0.08928571428571423
0 0.7818660310839664 0.8199404761904763 0.1300958339540196 0.11011904761904753
0 0.618501415164606 0.8262648809523808 0.14101991161428093 0.11532738095238101
0 0.442226525646755 0.8258928571428571 0.14797159739808335 0.11755952380952372
0 0.23020010924077655 0.8251488095238095 0.16088187099657375 0.12797619047619052
6 0.4913848751179304 0.49181547619047616 0.804409354982869 0.9285714285714286