6 0.489704553908284 0.5246667264466761 0.9073277007279875 0.78610712577714
3 0.5029890004782399 0.19400854854136776 0.7718263457144374 0.07248326159732184
0 0.21272384292470367 0.35093107364897175 0.17004091609543548 0.1098457675753228
0 0.4099978744885488 0.35504094930655183 0.15277113555449282 0.10610951697752276
0 0.6006296827674158 0.3643815758010521 0.17535469472341786 0.10685676709708265
0 0.8005606036452521 0.36699695121951215 0.17136936075243098 0.10312051649928261
0 0.20342473032573458 0.46899659253945475 0.17269780540942672 0.10237326637972258
0 0.40401987353206864 0.4738537183165949 0.1620702481534619 0.10162601626016254
0 0.6026223497529092 0.47684271879483503 0.17402625006642222 0.10013151602104262
0 0.8005606036452521 0.480952594452415 0.17136936075243098 0.09340626494500243
0 0.19146872841277418 0.5807104854136776 0.18066847335140007 0.09564801530368239
0 0.3933923162761038 0.5848203610712578 0.15675646952547967 0.09938426590148257
0 0.5906663478399489 0.5874357364897179 0.17136936075243098 0.09564801530368239
0 0.8018890483022476 0.5889302367288378 0.17668313938041322 0.09116451458632245
0 0.18814761677028527 0.6927980033476805 0.16871247143843976 0.09265901482544225
0 0.3953849832615972 0.6927980033476805 0.16605558212444851 0.09415351506456232
0 0.596644348796429 0.6946661286465805 0.1620702481534619 0.09340626494500215
0 0.8012248259737499 0.6961606288857005 0.1726978054094266 0.0949007651841225
0 0.4990036665072531 0.7977866451458633 0.2377915936022105 0.08145026303204213