3 0.4229791560752414 0.10193452380952381 0.2654917245664576 0.08779761904761905
3 0.25916511325763997 0.20982142857142855 0.33327684573236177 0.08482142857142856
2 0.24956222109247017 0.296875 0.09038016155453886 0.04761904761904763
2 0.29418742586002367 0.5595238095238095 0.22482065186691522 0.08928571428571423
3 0.31056883014178394 0.47023809523809523 0.38411568660678985 0.03422619047619051
3 0.352369654860758 0.7380952380952381 0.49483138451109965 0.04017857142857153
3 0.38230808337569894 0.8776041666666666 0.49370163249166804 0.020089285714285764
4 0.27667626955883184 0.8039434523809523 0.27114048466361634 0.048363095238095254
4 0.25634073320906053 0.6636904761904762 0.27114048466361634 0.06398809523809526
4 0.21510478449980228 0.3850446428571429 0.2225611478280517 0.06175595238095237
6 0.5161836976783596 0.4899553571428572 0.9105801276619783 0.9650297619047619