6 0.47611030944364263 0.5076058201058201 0.9018759018759017 0.8207070707070707
3 0.4694297472075249 0.18593674843674846 0.4502698947143391 0.07215007215007217
3 0.266340655229544 0.3516564454064454 0.29260862594195924 0.04434223184223189
3 0.2616642616642616 0.42117604617604615 0.33135588691144247 0.03757816257816257
3 0.2042114264336486 0.48393157768157763 0.21912244134466358 0.03682659932659933
3 0.23761423761423756 0.5466871091871092 0.2939447383891828 0.03156565656565673
3 0.23093367537811982 0.6135762385762386 0.29127251349473565 0.039081289081289175
3 0.20554753888087215 0.6819684944684944 0.25653358986692326 0.04208754208754215
9 0.6404521404521404 0.3448923761423761 0.3407086740420073 0.057870370370370405
9 0.6357757468868579 0.4129088504088504 0.32601143712254826 0.0496031746031746
9 0.580995136550692 0.47528860028860026 0.4275559831115388 0.052609427609427585
9 0.6030409919298807 0.5380441317941317 0.3674309229864784 0.045845358345358155
9 0.6037090481534925 0.6019270081770082 0.3634225856448078 0.05035473785473785
4 0.5850034738923626 0.6744528619528619 0.40885040885040874 0.05561568061568056
0 0.7513494735716958 0.8709866522366523 0.2204585537918871 0.05937349687349701