3 0.478114478114478 0.14347342472342473 0.22446689113355775 0.033820346320346334
3 0.3485115707337929 0.23178210678210678 0.36342258564480795 0.060125060125060144
2 0.25966009299342624 0.3264790764790765 0.1509807065362621 0.05862193362193365
2 0.23961840628507286 0.5076058201058201 0.16434183100849759 0.07064694564694568
2 0.2115600448933781 0.6774591149591148 0.1296029073806852 0.06313131313131301
4 0.2890545668323446 0.410278379028379 0.2338196782641226 0.06989538239538244
4 0.2736892736892737 0.5850168350168351 0.24317246539468762 0.07966570466570484
4 0.2583239805462027 0.7402146464646463 0.23381967826412278 0.08192039442039435
0 0.24963924963924958 0.8176256613756613 0.2137779915557694 0.05937349687349679
0 0.24496285607396714 0.8803811928811929 0.2204585537918871 0.043590668590668645
6 0.48412698412698413 0.5038480038480039 0.8270536048313827 0.8417508417508418