6 0.5068408957297846 0.519630832130832 0.8858425525092192 0.8462602212602213
3 0.44270749826305367 0.16451719576719576 0.6346534124311902 0.05486411736411732
8 0.49147560258671374 0.22313912938912936 0.7241729463951686 0.0248015873015873
8 0.48546309657420755 0.28401575276575275 0.7014590347923679 0.03532347282347273
8 0.5021645021645021 0.34714706589706584 0.7054673721340388 0.03231721981721975
8 0.4914756025867135 0.4174182299182299 0.7001229223451444 0.027056277056277035
8 0.49882422104644325 0.4944534632034632 0.7068034845812625 0.0248015873015873
8 0.4968200523756079 0.5797558922558922 0.7081395970284861 0.02254689754689757
8 0.4941478274811608 0.6507786195286196 0.7081395970284861 0.026304713804713793
3 0.3044198599754155 0.7387115199615198 0.3607503607503609 0.03532347282347273
4 0.6791994014216235 0.7368326118326118 0.3326919993586658 0.05411255411255407