3 0.4393672171449948 0.14272186147186144 0.5397894286783177 0.05035473785473785
8 0.4513922291700068 0.2017195767195767 0.6600395489284379 0.048100048100048115
8 0.448051948051948 0.26109307359307354 0.6480145369034259 0.04509379509379511
8 0.4460477793811127 0.31858766233766234 0.6493506493506495 0.041335978835978796
8 0.45406445406445395 0.3824705387205387 0.6627117738228849 0.04584535834535838
8 0.463417241195019 0.43695887445887444 0.665383998717332 0.05110630110630109
8 0.4594089038533482 0.4944534632034632 0.6627117738228847 0.04885161135161136
8 0.46074501630057174 0.5515722703222703 0.6520228742450963 0.036826599326599214
3 0.35920047031158137 0.6173340548340548 0.43824488268932715 0.039081289081289175
4 0.7192827748383303 0.6083152958152958 0.2364919031585697 0.05411255411255407
6 0.48145475923253683 0.49821127946127947 0.8056758056758055 0.8379930254930255