2 0.47143391587836037 0.17804533429533426 0.7696007696007696 0.16158609908609908
2 0.3144407033295922 0.3805916305916306 0.4422532200309978 0.12626262626262624
2 0.7139383250494361 0.3663119288119288 0.3059697504141949 0.12325637325637326
2 0.711266100154989 0.529776936026936 0.31933087488643036 0.16759860509860516
0 0.27502538613649713 0.4801737614237614 0.34204478648923103 0.06087662337662327
0 0.2830420608198385 0.5387956950456949 0.33670033670033667 0.05787037037037052
0 0.2837101170434503 0.6086910774410774 0.3353642242531131 0.06839225589225595
0 0.7453369675591898 0.7026364838864839 0.23515579071134635 0.04885161135161136
0 0.5128534017422904 0.7157888407888408 0.19774464218908663 0.04509379509379514
0 0.25498369942814375 0.7296927609427609 0.2592058147613704 0.041335978835978913
0 0.4968200523756079 0.7792959355459356 0.7134840468173803 0.05636724386724381
3 0.4520602853936187 0.6729497354497354 0.2899364010475121 0.04058441558441567
3 0.4654214098658543 0.28288840788840786 0.6079311634867192 0.04208754208754215
6 0.46876169098391307 0.4809253246753247 0.9085564641120196 0.8139430014430015