6 0.5128534017422907 0.48054954304954306 0.8577841911175245 0.7485569985569985
0 0.30776014109347444 0.16113516113516116 0.3059697504141949 0.048100048100048115
0 0.6805355138688471 0.1521164021164021 0.3032975255197476 0.06463443963443963
0 0.30709208486986267 0.229527417027417 0.3153225375447597 0.04810004810004806
0 0.6745230078563411 0.22013287638287637 0.3073058628614184 0.05486411736411737
0 0.29573512906846233 0.30430796055796056 0.32200309978087743 0.05035473785473785
0 0.6731868954091175 0.29979858104858104 0.30463363796697135 0.06388287638287636
0 0.2930629041740152 0.3787127224627225 0.31665864999198323 0.04885161135161136
0 0.6738549516327292 0.3734517797017797 0.3113142002030891 0.05035473785473785
0 0.2964031852920741 0.45424482924482923 0.3099780877558655 0.05711880711880705
0 0.6765271765271764 0.44259559884559885 0.32734754956977163 0.06087662337662339
0 0.29039067927956813 0.5316558441558441 0.3006253006253007 0.06012506012506003
0 0.6751910640799529 0.5200066137566137 0.3353642242531129 0.0608766233766235
0 0.28771845438512106 0.6094426406926406 0.3059697504141949 0.062379749879749986
0 0.693228582117471 0.5895262145262146 0.34738923627812524 0.052609427609427585
0 0.7052535941424829 0.6680645743145743 0.35807813585591336 0.06989538239538244
0 0.29239484795040344 0.6887325637325638 0.32333921222810097 0.05862193362193354
0 0.3024156913045801 0.7691498316498316 0.3513975736197957 0.06162818662818652
0 0.6918924696702473 0.7503607503607502 0.33937256159478396 0.06914381914381897