6 0.5335631446742557 0.5158730158730159 0.8377425044091711 0.8507696007696007
0 0.5255464699909144 0.6413840788840789 0.6907701352145796 0.09620009620009623
3 0.23360590027256692 0.5726160413660414 0.12559457003901434 0.03382034632034624
3 0.442039442039442 0.5703613516113516 0.1763668430335097 0.021795334295334323
3 0.29039067927956813 0.5203823953823954 0.23916412805301676 0.027056277056277035
3 0.5596173373951151 0.514745670995671 0.248516915183582 0.020292207792207834
3 0.4687616909839131 0.4467291967291967 0.5798728020950242 0.036075036075035975
3 0.22959756293089617 0.293786075036075 0.12025012025012036 0.02780784030784028
3 0.2790337234781679 0.20885942760942758 0.21377799155576918 0.026304713804713793
3 0.4974881085992196 0.13107263107263106 0.6613756613756614 0.06463443963443961
3 0.6424563091229758 0.19833754208754206 0.44358933247822135 0.018789081289081286
3 0.4453797231575009 0.2930345117845118 0.2605419272085939 0.015782828282828253
0 0.5255464699909144 0.3614267676767677 0.7014590347923679 0.07290163540163541