6 0.5108492330714552 0.5087331649831649 0.8724814280369837 0.8304773929773929
0 0.5021645021645021 0.8142436267436267 0.317994762439207 0.0646344396344395
0 0.49815616482283137 0.7360810485810486 0.3126503126503126 0.05862193362193354
0 0.48880337769226656 0.6639309764309764 0.3099780877558655 0.06613756613756598
0 0.2776976110309443 0.5722402597402597 0.3233392122281012 0.07064694564694568
0 0.6872160761049649 0.5767496392496392 0.354069798514243 0.06764069264069247
0 0.6838757949869061 0.4985870610870611 0.32868366201699556 0.05862193362193365
0 0.6979049756827534 0.4174182299182299 0.32467532467532473 0.0676406926406927
0 0.2937309603976271 0.4174182299182299 0.33135588691144247 0.0676406926406927
0 0.2883865106087328 0.49107142857142855 0.32333921222810097 0.05862193362193354
2 0.517529795307573 0.2686087061087061 0.46363101918657473 0.21945646945646938