6 0.5091913922051873 0.4946331057379574 0.8876655037395044 0.9246531611720786
3 0.49852233566985676 0.12957913633939502 0.46943848755454554 0.042814971719584455
9 0.2723383371208484 0.22835402723633114 0.2987335829892561 0.09764818111484178
0 0.5689381088030385 0.2230960482532243 0.22191637593487623 0.08713222314862809
9 0.27447214842791456 0.356047802540355 0.2837969038397934 0.09614590140538266
9 0.29527680867180917 0.49050183653694485 0.3168709790993184 0.09013678256754618
9 0.3054124123803732 0.5982904056906356 0.3008673942963224 0.08337652387498026
9 0.3112803934748051 0.6940607371686535 0.31046954517811987 0.07361170576349611
0 0.7087027494158691 0.3372693061721162 0.2901983377609917 0.07511398547295524
0 0.7209721644314994 0.45895396263830357 0.3040681112569214 0.07511398547295516
0 0.7220390700850324 0.5855210281602332 0.314737167792252 0.062344607942552754
0 0.7209721644314993 0.6929340273865591 0.3168709790993183 0.062344607942552754
0 0.4841191093471604 0.8093607048696396 0.7393656178984092 0.10891527893578505