6 0.4827908716797605 0.429788961038961 0.885842552509219 0.7688492063492063
3 0.4547325102880657 0.10248316498316498 0.6159478381700604 0.04810004810004809
3 0.4520602853936187 0.15997775372775372 0.6426700871145316 0.020292207792207778
3 0.266340655229544 0.22123015873015872 0.2899364010475121 0.05411255411255407
3 0.46809363476030125 0.30052008177008177 0.7442146331035219 0.0744047619047619
3 0.1915183581850248 0.3940897065897066 0.18839185505852182 0.048100048100048115
3 0.34650740206295755 0.4451960076960077 0.49836994281438735 0.025553150553150546
3 0.19218641440863657 0.5233585858585859 0.19774464218908663 0.05561568061568056
3 0.4627491849714071 0.5973875661375662 0.7602479824702044 0.08642977392977381
0 0.19285447063224836 0.6853204665704665 0.2231307786863344 0.06388287638287647
2 0.5409117631339854 0.7379298941798941 0.33402811180588954 0.11348605098605108