6 0.46809363476030136 0.49783549783549785 0.7762813318368875 0.7395382395382395
0 0.46007696007696 0.18743987493987493 0.6747367858478971 0.0661375661375661
0 0.2810378921490032 0.25470478595478596 0.2952808508364063 0.06087662337662339
0 0.28036983592539144 0.3291095478595479 0.2805836139169473 0.053360990860990824
0 0.2790337234781678 0.4001322751322751 0.26187803965581746 0.06162818662818663
0 0.281705948372615 0.4662698412698413 0.2565335898669231 0.048100048100048115
0 0.28972262305595636 0.5372925685425685 0.26187803965581746 0.060876623376623445
0 0.2863823419378974 0.6086910774410774 0.24718080273635826 0.053360990860990824
0 0.281705948372615 0.6718223905723905 0.21912244134466338 0.04584535834535838
0 0.2870503981615092 0.7281896344396345 0.24317246539468762 0.04584535834535838
0 0.28437817326706205 0.7830537518037517 0.2485169151835818 0.04584535834535838
0 0.2930629041740152 0.8330327080327081 0.26588637699748807 0.04058441558441567