0 0.5115172892950669 0.11566558441558442 0.5985783763561541 0.07139850889850886
0 0.34984768318101644 0.1972101972101972 0.317994762439207 0.060125060125060144
0 0.35385602052268716 0.2656024531024531 0.3206669873336539 0.05260942760942761
0 0.3531879642990753 0.3448923761423761 0.3353642242531131 0.057870370370370405
0 0.3505157394046282 0.4313221500721501 0.32467532467532473 0.05185786435786434
0 0.34450323339212224 0.5124909812409812 0.32601143712254826 0.05185786435786434
0 0.3384907273796163 0.5932840307840308 0.3353642242531131 0.052609427609427585
0 0.3378226711560044 0.6654341029341029 0.32333921222810097 0.05110630110630109
0 0.33247822136711014 0.7342021404521404 0.3286836620169954 0.04885161135161136
0 0.33181016514349837 0.8033459595959596 0.332691999358666 0.05185786435786434
0 0.32980599647266307 0.8743686868686867 0.3286836620169954 0.043590668590668645
6 0.4881353214686548 0.49295033670033667 0.7388701833146278 0.866552429052429