6 0.5497768692213136 0.4935102513227513 0.8995644273422052 0.7781911375661376
3 0.5288867511089732 0.15283790283790283 0.7054673721340387 0.06914381914381913
3 0.5248784137673026 0.2208543771043771 0.7535674202340871 0.06087662337662339
3 0.5422478755812088 0.28210678210678214 0.6734006734006733 0.05862193362193357
0 0.5095131206242317 0.3433591871091871 0.7201646090534978 0.08492664742664734
0 0.5041686708353375 0.5064484126984127 0.7335257335257335 0.08342352092352084
0 0.5215381326492438 0.674798581048581 0.7842980065202286 0.0744047619047619
3 0.4941478274811607 0.7315416065416065 0.25653358986692326 0.048100048100048115
3 0.4654214098658543 0.7770111832611832 0.057452835230612884 0.04283910533910518
3 0.4867992090214312 0.5718344155844155 0.2311474533696755 0.03532347282347273
3 0.4647533536422425 0.6060305435305434 0.05611672278338934 0.03306878306878322
3 0.4614130725241836 0.4072420634920635 0.21778632889744004 0.03532347282347273
3 0.4346908235797124 0.44256553631553636 0.04943616054727181 0.03081409331409326