3 0.4984972091026191 0.11719141568323688 0.7078080070780801 0.04632371926307317
3 0.46922206175104414 0.21971112224905454 0.6752800655763301 0.038729666924864445
3 0.25909155964973907 0.2774259200194408 0.31226823841679985 0.022022751780805323
3 0.4835343560118141 0.31957291049649916 0.6778823008964702 0.03948907215868533
3 0.4607647969605891 0.3727312768639601 0.6375476534342999 0.02733858841755134
3 0.4971960914425491 0.42171291444540643 0.71041024239822 0.0463237192630733
3 0.39440779629701905 0.4691757415592109 0.51524259338772 0.018225725611700896
2 0.16020661748441908 0.5325860785832536 0.12750953068686008 0.11011375890402626
0 0.2070468532469391 0.6111845202837137 0.22119000221190013 0.057714797770386225
0 0.2545376478394942 0.6647225892680853 0.31356935607687014 0.07366230768062447
2 0.4984972091026191 0.8329308485594082 0.8327153024448 0.2916116097872147
6 0.4984972091026191 0.5105633268024483 0.83791977308508 0.9409030847040598