3 0.45045882936507936 0.09486607142857142 0.43092757936507936 0.03875248015873016
3 0.3869047619047619 0.32079303075396826 0.29555224867724866 0.034877232142857144
3 0.5212466931216931 0.44518849206349204 0.29968584656084657 0.03875248015873016
3 0.5279637896825397 0.5176556299603174 0.31105324074074076 0.03952752976190476
3 0.5320973875661376 0.5858599950396826 0.3089864417989418 0.03642733134920635
3 0.3533192791005291 0.6424386160714286 0.2821180555555556 0.04107762896825397
3 0.5103959986772487 0.7730344742063492 0.2697172619047619 0.027901785714285716
3 0.5295138888888888 0.8300006200396826 0.320353835978836 0.034877232142857144
4 0.4695767195767196 0.1603577628968254 0.4505621693121693 0.06432911706349206
0 0.46802662037037035 0.24251302083333334 0.4495287698412698 0.06897941468253968
0 0.28976521164021163 0.7660590277777778 0.1281415343915344 0.052703373015873016
0 0.28821511243386244 0.8292255704365079 0.11057374338624339 0.053478422619047616
0 0.28976521164021163 0.8834790426587301 0.11780753968253968 0.04727802579365079
4 0.285114914021164 0.7009548611111112 0.12297453703703703 0.054253472222222224
4 0.29699900793650796 0.3789217509920635 0.1136739417989418 0.053478422619047616
6 0.497995205026455 0.47619047619047616 0.6727430555555556 0.8727058531746031
9 0.29854910714285715 0.44557601686507936 0.09817294973544974 0.045727926587301584
9 0.2975157076719577 0.5095176091269841 0.10023974867724868 0.05580357142857143
9 0.294932208994709 0.5796595982142857 0.09507275132275132 0.05037822420634921