6 0.4830109126984127 0.48897879464285715 0.7502480158730159 0.9153335813492064
0 0.24274553571428573 0.10145399305555555 0.11884093915343916 0.044177827380952384
0 0.38638806216931215 0.09912884424603174 0.1312417328042328 0.051928323412698416
0 0.5351975859788359 0.09176587301587301 0.1312417328042328 0.05580357142857143
0 0.6757399140211641 0.09292844742063493 0.13330853174603174 0.053478422619047616
2 0.46130952380952384 0.8238002232142857 0.0992063492063492 0.03797743055555555
7 0.6473214285714286 0.8234126984126984 0.14467592592592593 0.034102182539682536
7 0.6545552248677249 0.8846416170634921 0.14054232804232805 0.03720238095238095
7 0.28304811507936506 0.816437251984127 0.13744212962962962 0.035652281746031744
7 0.26134672619047616 0.8834790426587301 0.12297453703703703 0.03952752976190476
7 0.4654431216931217 0.8819289434523809 0.11780753968253968 0.03952752976190476
2 0.48817791005291006 0.47192770337301587 0.7275132275132276 0.6735181051587301