6 0.5093625992063492 0.47154017857142855 0.6851438492063492 0.8122519841269841
3 0.28666501322751325 0.11617993551587301 0.1529431216931217 0.022476438492063492
3 0.37037037037037035 0.15725756448412698 0.320353835978836 0.03642733134920635
3 0.3610697751322751 0.24948846726190477 0.28521825396825395 0.03177703373015873
3 0.42359044312169314 0.3862847222222222 0.39992559523809523 0.021701388888888888
3 0.4427083333333333 0.4277498759920635 0.43196097883597884 0.03642733134920635
3 0.3621031746031746 0.5261811755952381 0.2707506613756614 0.03177703373015873
3 0.3900049603174603 0.6242249503968254 0.33895502645502645 0.035652281746031744
8 0.355386078042328 0.5757843501984127 0.2593832671957672 0.027126736111111112
1 0.29699900793650796 0.2894035218253968 0.15707671957671956 0.027901785714285716
1 0.29441550925925924 0.3339688740079365 0.1457093253968254 0.030226934523809524
1 0.3078497023809524 0.6753782242063492 0.1705109126984127 0.027901785714285716
1 0.4013723544973545 0.7211061507936508 0.3410218253968254 0.032552083333333336
1 0.3083664021164021 0.7687717013888888 0.15914351851851852 0.034877232142857144
9 0.3176669973544973 0.20337301587301587 0.2087466931216931 0.04030257936507937
9 0.31921709656084657 0.4730902777777778 0.19737929894179895 0.04650297619047619
0 0.2820147156084656 0.8284505208333334 0.1271081349206349 0.05037822420634921