6 0.46595982142857145 0.4804532490079365 0.6975446428571429 0.8502294146825397
1 0.3254174933862434 0.2351500496031746 0.3234540343915344 0.034102182539682536
3 0.18590856481481483 0.18438430059523808 0.044436177248677246 0.022476438492063492
3 0.18642526455026456 0.14291914682539683 0.04133597883597884 0.023251488095238096
3 0.1853918650793651 0.10300409226190477 0.03720238095238095 0.017826140873015872
3 0.7764963624338624 0.09215339781746032 0.031001984126984128 0.022476438492063492
3 0.7801132605820106 0.1312934027777778 0.034102182539682536 0.018601190476190476
3 0.7785631613756614 0.17159598214285715 0.03513558201058201 0.023251488095238096
7 0.48817791005291006 0.10765438988095238 0.5249669312169312 0.030226934523809524
7 0.48921130952380953 0.1417565724206349 0.5291005291005291 0.028676835317460316
7 0.48869460978835977 0.17740885416666666 0.5280671296296297 0.033327132936507936