6 0.4483920304232804 0.5285063244047619 0.6458746693121693 0.7835751488095238
3 0.4389329805996473 0.17299107142857142 0.2921075837742504 0.033482142857142856
1 0.4722773368606703 0.2273478835978836 0.24966931216931218 0.032242063492063495
3 0.2509920634920635 0.29720568783068785 0.1455026455026455 0.02645502645502653
3 0.2620149911816579 0.47949735449735453 0.16865079365079366 0.023148148148148074
3 0.23804012345679013 0.6746031746031746 0.1229056437389771 0.022321428571428572
4 0.4127535273368607 0.3451554232804233 0.47674162257495584 0.05621693121693118
4 0.41358024691358036 0.5305472883597885 0.47619047619047616 0.04918981481481491
4 0.4218474426807761 0.7264798280423281 0.4794973544973545 0.045882936507936505
9 0.45133377425044097 0.41087962962962965 0.5539021164021164 0.05952380952380952
9 0.44995590828924165 0.5894510582010583 0.5544532627865961 0.05539021164021179
9 0.4463734567901235 0.7831101190476191 0.5616181657848324 0.04753637566137551
0 0.679783950617284 0.34060846560846564 0.03968253968253968 0.03389550264550272
0 0.7219466490299825 0.34164186507936506 0.0402336860670192 0.036789021164021087
0 0.6770282186948854 0.5305472883597885 0.03858024691358035 0.035962301587301584
0 0.7186397707231041 0.5301339285714286 0.03582451499118186 0.03430886243386259
0 0.7258046737213404 0.7287533068783069 0.03692680776014119 0.034722222222222224
0 0.6863977072310407 0.7266865079365079 0.036375661375661374 0.032242063492063495
0 0.24851190476190477 0.8440806878306879 0.15487213403880076 0.05621693121693129
0 0.6552579365079366 0.8465608465608466 0.1526675485008818 0.05291005291005284