6 0.4993514915693904 0.499609375 0.9987029831387808 0.99921875
0 0.4993263067759686 0.07540200242718446 0.6459899512674245 0.08570995145631066
0 0.4930301084205356 0.1618704490291262 0.6459899512674248 0.07357402912621361
0 0.491770868749449 0.24416717233009705 0.6459899512674248 0.06826456310679614
0 0.49932630677596873 0.8399651092233011 0.21532998375580834 0.1357706310679611
3 0.7795071335927367 0.8464123179611651 0.06296198355432975 0.07584951456310662
3 0.7883218112903428 0.7110209344660194 0.33243927316686167 0.029581310679611582
3 0.7140266706962336 0.6188637742718447 0.3072544797451301 0.03033980582524265
9 0.5012151662825984 0.3560452063106796 0.6799894223867629 0.10543082524271838
9 0.491770868749449 0.45654581310679615 0.6913225794265422 0.13197815533980584
7 0.5049928852958583 0.5733540655339805 0.6976187777819751 0.06674757281553383
7 0.5138075629934644 0.6878868325242719 0.6900633397554555 0.07433252427184449