6 0.49954504094631486 0.499609375 0.9990900818926297 0.99921875
2 0.32770303099905473 0.12242870145631066 0.17844995892117282 0.15549150485436894
3 0.5211710557700292 0.051509405339805824 0.16254847743314757 0.05612864077669903
3 0.5865438129985776 0.1527685072815534 0.2756256791257719 0.09329490291262132
3 0.4231119199272065 0.3583206917475728 0.2667915227435355 0.044751213592233
3 0.43371290758589004 0.5202594053398059 0.22438757210880136 0.04399271844660184
3 0.48627613806019593 0.6810603762135923 0.31537938284583505 0.040958737864077575
0 0.3851250474835906 0.25819933252427185 0.1908177778563037 0.08115898058252427
0 0.6338065496435418 0.2745069781553398 0.20760267498255247 0.08646844660194172
7 0.5255881339611473 0.44175515776699026 0.47527761336431196 0.05992111650485441
7 0.5436981545447318 0.594971177184466 0.45495905368516837 0.06295509708737868
7 0.5679920845958815 0.751221177184466 0.47704444464075896 0.06143810679611654