6 0.4827167726816204 0.4516155946601942 0.6423669233344494 0.7683555825242718
3 0.45656176765985934 0.1315306432038835 0.44149648476732495 0.08419296116504853
2 0.36606545028456644 0.2657842839805825 0.12449782390358215 0.09784587378640772
2 0.553335286240375 0.2915731189320388 0.11403582189487779 0.10239684466019412
2 0.3080013391362571 0.41407008495145625 0.12345162370271172 0.0758495145631068
2 0.27243053230666214 0.533153822815534 0.11508202209574822 0.07888349514563106
2 0.2964931369266823 0.6537545509708738 0.10671242048878474 0.08950242718446617
2 0.2860311349179779 0.7800439927184465 0.0920656176765985 0.08115898058252427
7 0.4649313692668228 0.7819402305825243 0.2176096417810511 0.03337378640776691
7 0.5073024774020756 0.6670282160194174 0.3086290592567793 0.02654733009708732
7 0.44505356545028446 0.5532539441747573 0.22179444258453296 0.015928398058252392
7 0.5271802812186139 0.4296192354368932 0.3086290592567793 0.02654733009708732