6 0.4993279569892473 0.499609375 0.9986559139784946 0.99921875
3 0.37208998851654657 0.07578125 0.36929742144273925 0.040958737864077666
3 0.3616504854368931 0.16869690533980583 0.41627518530117963 0.02806432038834954
3 0.4960590875874309 0.23013501213592233 0.4945714583985803 0.02806432038834945
3 0.46539304729094894 0.3033297936893204 0.17747155235410786 0.03489077669902905
3 0.4882294602776907 0.35225273058252426 0.17877649023906453 0.0356492718446602
3 0.5202004384591293 0.4106568567961165 0.20618018582315495 0.029581310679611717
3 0.5064985906670841 0.45540807038834946 0.1892159933187179 0.03564927184466029
3 0.509760935379476 0.5031932645631068 0.23749869506211513 0.028064320388349627
3 0.5378170999060444 0.5536331917475728 0.2388036329470718 0.027305825242718386
3 0.5306399415387827 0.599142900485437 0.20618018582315495 0.027305825242718386
3 0.5417319135609144 0.650341322815534 0.24663326025681181 0.02351334951456323
3 0.5149806869193025 0.7041944781553398 0.3236245954692557 0.031098300970873894
3 0.5221578452865643 0.7523589199029126 0.3327591606639524 0.03033980582524265
3 0.5554337613529595 0.8046950849514563 0.289696210460382 0.03640776699029118
3 0.585447332706963 0.8494462985436894 0.2766468316108153 0.02578883495145625
0 0.2520357031005324 0.12356644417475726 0.16833698715941114 0.04854368932038834
0 0.4569109510387305 0.12508343446601938 0.181386366008978 0.05006067961165046
0 0.4901868671051257 0.9287090412621358 0.15398267042488772 0.04778519417475735
4 0.6696158262866687 0.29271086165048543 0.10048021714166383 0.05612864077669899
4 0.6761405157114521 0.34428853155339806 0.11091972022131721 0.05157766990291268
4 0.6741831088840171 0.40345115291262135 0.10439503079653385 0.036407766990291225
4 0.6787503914813654 0.45313258495145625 0.10830984445140386 0.03564927184466029
4 0.6820127361937571 0.4937120752427184 0.09917527925670716 0.03640776699029118
4 0.6937571771583672 0.5505992111650485 0.08351602463722708 0.040958737864077756
4 0.700934335525629 0.5980051577669903 0.08482096252218406 0.04171723300970882
4 0.7133312454327174 0.6499620752427184 0.08612590040714073 0.03944174757281545
4 0.7178985280300658 0.6950925364077669 0.0822110867522707 0.037166262135922425
4 0.7231182795698925 0.73984375 0.07960121098235737 0.037166262135922425
4 0.7348627205345025 0.7944554004854368 0.06916170790270398 0.04323422330097078
4 0.751174444096461 0.8460330703883494 0.07046664578766065 0.04475121359223309