3 0.5004677146940366 0.05823444107843807 0.5781473301286214 0.03188848142495958
3 0.2380278030401455 0.10910416144682594 0.3053137586072495 0.03188848142495959
3 0.2081460309211381 0.18730686589375065 0.2533454592698453 0.02581448496306258
3 0.21724048330518386 0.25905594909990964 0.2611407041704561 0.023536736289851104
3 0.18930752241132917 0.3304254075272001 0.1870858776146551 0.020499738058902595
3 0.2646615564505651 0.39154499692503936 0.36377809536182926 0.02429598584758836
3 0.32182668572170975 0.4598774571213812 0.4911004287384694 0.021258987616639632
4 0.49527088476029624 0.14478889066047118 0.8587761465506041 0.056184467272547806
4 0.49851890346888406 0.21843609776097306 0.8600753540340393 0.057702966388022095
4 0.5011173184357542 0.2932221791980806 0.8496816941665583 0.055425217714810696
4 0.5004677146940367 0.36421201284650256 0.856177731583734 0.05011047081065064
4 0.49786929972716654 0.42533160224434163 0.8587761465506042 0.05390671859933633
4 0.5017669221774718 0.4913863137674722 0.8639729764843445 0.0463142230219651
0 0.4959204885020138 0.9010014501666553 0.9172404833051838 0.15184991154742644
6 0.498518903468884 0.5058120553644777 0.9770040275431987 0.978672679923164