6 0.4995095761705642 0.49856654027559416 0.9705229466728614 0.988008261660347
8 0.24139177120437763 0.5729368969450352 0.37943317330029414 0.0423872499152255
3 0.4620824944504671 0.0350041616572644 0.5626968148262866 0.0254323499491353
3 0.4253007072427856 0.15792718641141837 0.5433379794538228 0.027744381762693032
3 0.4795054462856848 0.26428064983507504 0.6388415672913118 0.03853386355929587
3 0.4698260285994527 0.37757020869940505 0.2684425171648339 0.027744381762693112
0 0.48724898043467035 0.49779586300440826 0.8763099478602033 0.0678195998643608
9 0.4911207475091632 0.4268935540553038 0.8814723039595271 0.07244366349147642
0 0.1465334778793041 0.32285212244520484 0.2181095451964276 0.06319553623724533
0 0.37238655722471736 0.3232374610807978 0.2000412988487947 0.06242485896605934
0 0.5950131640080534 0.3251641542587626 0.19875070982396364 0.058571472610129786
0 0.821511537865882 0.3243934769875767 0.2000412988487947 0.058571472610129786
0 0.4956378090960714 0.20532383858935233 0.9214805637292859 0.07013163167791854
0 0.4995095761705643 0.09049292518265052 0.9240617417789481 0.07475569530503406