3 0.46735149783930263 0.12357155813531652 0.7727239434556508 0.04307999274442228
3 0.15514905149051486 0.18554628453957311 0.16296784589467514 0.04005683535884876
3 0.7150076906174465 0.17647681238285265 0.3451622354061379 0.046103150129995746
3 0.276001611367465 0.3064725799625128 0.3936863692961253 0.04459157143720906
3 0.626199370101809 0.3011820545377592 0.16754559437486283 0.038545256666062025
3 0.19314436387607115 0.4349567688493863 0.22797187431333768 0.04307999274442223
3 0.7012744451768841 0.42815466473184594 0.3140335457408627 0.03249894189491499
3 0.24395737200615245 0.5581504323115061 0.3131179960448252 0.04005683535884881
3 0.7259942869698967 0.5573946429651127 0.3799531238555629 0.04005683535884881
3 0.2032154105324836 0.682477779793216 0.22614077492126275 0.04837051816917587
3 0.6724346297517029 0.6756756756756755 0.24719841793012534 0.05290525424753612
3 0.28424155863180245 0.8022703911965656 0.39551746868820037 0.047614728822782434
3 0.6472570131106716 0.8068051272749258 0.2059986816084377 0.038545256666061935
4 0.2837837837837837 0.23127153999637218 0.4147440123049878 0.06953261986819034
4 0.7154654654654653 0.2256031198984219 0.3918552699040503 0.07482314529294393
4 0.2929392807441587 0.35333151943890195 0.4440416025781878 0.05970735836507649
4 0.2966014795283087 0.6152125279642058 0.4129129129129129 0.0725557772537638
4 0.28973485680802746 0.7293367192696052 0.40833516443272533 0.06197472640425662
4 0.7177543397055591 0.7263135618840317 0.3671354281110377 0.06499788378982999
4 0.28881930711198994 0.8570651188100852 0.3973485680802754 0.06499788378983018
4 0.7301142606020653 0.8510188040389381 0.3680509778070753 0.06802104117540375
6 0.4934446641763714 0.49806517927323296 0.8688566615395882 0.8978777435153273
9 0.2929392807441587 0.48143781365257876 0.4238995092653629 0.06499788378982999
9 0.7301142606020653 0.4761472882278251 0.39002417051197535 0.06348630509704331
9 0.7255365121218779 0.34841888868734505 0.3790375741595253 0.05895156901868306
4 0.7177543397055591 0.6053872664610919 0.3799531238555629 0.06197472640425662