6 0.4801036155202822 0.48897879464285715 0.7440476190476191 0.8440290178571429
4 0.34162808641975306 0.14446924603174602 0.3871803350970018 0.09300595238095238
1 0.32647156084656087 0.24096292162698413 0.36513447971781304 0.048828125
1 0.32853835978835977 0.30529203869047616 0.35824514991181655 0.05037822420634921
1 0.3767636684303351 0.3754340277777778 0.4409171075837742 0.03720238095238095
1 0.3478284832451499 0.4568142361111111 0.3775352733686067 0.03875248015873016
1 0.4208553791887125 0.5215308779761905 0.5235890652557319 0.03952752976190476
1 0.3698743386243386 0.5881851438492064 0.41887125220458554 0.04107762896825397
1 0.4401455026455027 0.6645275297619048 0.5539021164021164 0.052703373015873016
1 0.34438381834215165 0.7354445684523809 0.36237874779541446 0.04727802579365079
1 0.42430004409171074 0.7896980406746031 0.5139440035273368 0.044177827380952384
1 0.3932980599647266 0.8354259672619048 0.44642857142857145 0.033327132936507936
1 0.41947751322751325 0.8815414186507936 0.4905202821869489 0.032552083333333336