6 0.5131723985890653 0.5122302827380952 0.6475970017636684 0.6890190972222222
3 0.343694885361552 0.28630332341269843 0.2039241622574956 0.026351686507936508
3 0.3795194003527337 0.376984126984127 0.25903880070546736 0.02945188492063492
3 0.37883046737213405 0.46688988095238093 0.2301036155202822 0.020151289682539684
3 0.3857197971781305 0.547882564484127 0.24388227513227514 0.020926339285714284
3 0.535218253968254 0.7044425843253969 0.27557319223985893 0.028676835317460316
0 0.521439594356261 0.7699342757936508 0.36926807760141095 0.06510416666666667
0 0.3478284832451499 0.6339130704365079 0.17912257495590828 0.045727926587301584
0 0.5090388007054674 0.6304253472222222 0.1267636684303351 0.044952876984126984
0 0.6399360670194003 0.628875248015873 0.11022927689594356 0.04030257936507937
0 0.7646329365079365 0.6226748511904762 0.10609567901234568 0.044952876984126984
9 0.6323578042328042 0.31614273313492064 0.09507275132275132 0.05657862103174603
9 0.5083498677248677 0.3246682787698413 0.1253858024691358 0.05657862103174603
9 0.33956128747795417 0.3339688740079365 0.16258818342151676 0.05657862103174603
9 0.6323578042328042 0.4079861111111111 0.10609567901234568 0.0480530753968254
9 0.5055941358024691 0.41496155753968256 0.12263007054673722 0.0496031746031746
9 0.3498952821869489 0.42271205357142855 0.15845458553791889 0.05115327380952381
9 0.6254684744268078 0.4920789930555556 0.10333994708994709 0.042627728174603176
9 0.4973269400352734 0.499054439484127 0.11987433862433862 0.04107762896825397
9 0.35265101410934746 0.5079675099206349 0.13640873015873015 0.044952876984126984
9 0.6323578042328042 0.572296626984127 0.11160714285714286 0.0480530753968254
9 0.5062830687830688 0.5765593998015873 0.11298500881834216 0.04107762896825397
9 0.3478284832451499 0.5866350446428571 0.15983245149911818 0.042627728174603176
4 0.7536100088183422 0.3080047123015873 0.11160714285714286 0.06045386904761905
4 0.7542989417989417 0.39946056547619047 0.10471781305114639 0.052703373015873016
4 0.7563657407407407 0.48432849702380953 0.11711860670194003 0.04107762896825397
4 0.7653218694885362 0.5641586061507936 0.11849647266313933 0.053478422619047616