3 0.4355592101506379 0.07590810653926013 0.5322004088578248 0.052093798605374594
0 0.9020911136236454 0.07032662811725571 0.049108621418211616 0.042419236007233595
0 0.08037825059101655 0.08037328927686366 0.09593312090999409 0.03720985614669615
0 0.19287125546761696 0.3475400564101419 0.21356540012105846 0.05358219285124239
0 0.6759630429072304 0.3237257484762564 0.28894142369319675 0.059535769834713925
0 0.19058713354118847 0.5559152508316403 0.22041776590034365 0.06400095257231728
0 0.6988042621715148 0.5216821831766799 0.27752081406105455 0.06697774106405292
1 0.3578990646520711 0.4803792428538472 0.5139274334463974 0.051349601482440714
1 0.7296399081782987 0.42195976870353424 0.39401103230890483 0.04614022162190315
3 0.24940327314672064 0.443169386707151 0.2740946311714121 0.03200047628615864
3 0.43441714918742375 0.5309846472133539 0.14618380329141964 0.04539602449896918
1 0.7227875423990134 0.6329396530553014 0.36203332533890664 0.03795405326962994
1 0.37217482669224894 0.693219620012949 0.5379107136738959 0.05581478422004431
3 0.44069848448510185 0.7352667574587157 0.14960998618106233 0.0431634331301675
3 0.29394365071207507 0.6485677926369138 0.3426182889642648 0.04241923600723353
0 0.18773198113315293 0.7613136567614031 0.22384394878998654 0.06995452955578858
0 0.7273557862518703 0.7259642934220417 0.27066844828176917 0.07516390941632614
3 0.3236372357556447 0.8502452129520068 0.39515309327211895 0.0647451496952515
9 0.48009958771599237 0.9209439396307294 0.6943730656342436 0.0617683612035156
1 0.32934754057171584 0.27423663980115054 0.4865179703292562 0.058791572711779955
3 0.3070773517890386 0.23107320667098305 0.46481881202818615 0.05283799572830854
1 0.7724671942988318 0.2098635886673662 0.3517547766699788 0.04167503888429968
3 0.5212137823917042 0.14772312890238368 0.8976599170863742 0.06921033243285483
3 0.43498817966903075 0.3330282125129304 0.11077991343177897 0.03200047628615864
6 0.49266225831134874 0.49972836805012916 0.954762965247085 0.9533165144783552