0 0.47800546817898804 0.08836890243902439 0.5874231883273328 0.04954268292682926
9 0.49898486776210704 0.4279268292682927 0.6077258330851898 0.03810975609756099
9 0.5111664546168213 0.5201524390243902 0.6104328523862376 0.036585365853658514
9 0.5213177769957499 0.6039939024390243 0.6009582848325706 0.036585365853658514
9 0.5253783059473213 0.6840243902439025 0.5901302076283802 0.02896341463414615
2 0.5016918870631547 0.26786585365853655 0.6320890067946184 0.27896341463414637
7 0.5138734739178689 0.47823170731707315 0.6050188137841425 0.030487804878048762
7 0.5213177769957499 0.5605487804878048 0.606372323434666 0.032012195121951095
7 0.5219945318210119 0.6417225609756098 0.5887766979778566 0.032774390243902475
7 0.533499363850464 0.724420731707317 0.5711810725210469 0.03353658536585357
6 0.5071059256652499 0.4042987804878049 0.8161663192658564 0.7195121951219512