4 0.2939281557077501 0.12571646341463413 0.3573265477382854 0.05259146341463414
1 0.2837768333288216 0.19888719512195124 0.28559053626052344 0.032774390243902475
1 0.29595842018353585 0.25262195121951214 0.28829755556157116 0.030487804878048762
1 0.30340272326141676 0.30483231707317077 0.29235808451314266 0.03125
1 0.30678649738772634 0.3574237804878048 0.28829755556157116 0.03429878048780495
1 0.3108470263392976 0.4065853658536585 0.28559053626052344 0.03353658536585357
1 0.31558431011613103 0.45384146341463416 0.2788229880079043 0.032012195121951234
1 0.3108470263392977 0.5022408536585365 0.27746947835738067 0.032774390243902475
1 0.308816761863512 0.5514024390243902 0.2679949108037138 0.03353658536585357
1 0.31220053598982145 0.6009451219512195 0.26664140115319024 0.035060975609756045
1 0.31558431011613103 0.6504878048780488 0.27070193010476173 0.03353658536585357
1 0.3243821228445357 0.6985060975609756 0.2693484204542379 0.036585365853658514
6 0.4813892423052976 0.4427896341463414 0.8703067052868086 0.7431402439024388