6 0.492217319509488 0.45536585365853655 0.8188733385669039 0.7332317073170731
9 0.47868222300424995 0.1409603658536585 0.5833626593757613 0.05564024390243901
9 0.4807124874800356 0.21260670731707315 0.57930213042419 0.06021341463414629
9 0.47394493922741654 0.2873018292682927 0.5684740532199996 0.061737804878048766
9 0.4732681844021546 0.35666158536585363 0.5481714084621424 0.06021341463414629
2 0.4813892423052975 0.456890243902439 0.5833626593757615 0.11432926829268297
7 0.4800357326547737 0.552545731707317 0.5508784277631898 0.03887195121951223
0 0.7026880701659401 0.581890243902439 0.11098779134295228 0.027439024390243958
0 0.49424758398527363 0.6615396341463415 0.21385452478276176 0.11204268292682919
0 0.6810319157575593 0.698125 0.0595544246230474 0.03277439024390219
3 0.2228688990552502 0.7228963414634145 0.07173601147776171 0.027439024390243958