6 0.48974867724867727 0.5118427579365079 0.7330246913580247 0.7765997023809523
4 0.46494708994708994 0.1619078621031746 0.6200396825396826 0.055028521825396824
1 0.28237985008818345 0.22236173115079366 0.24939373897707232 0.033327132936507936
1 0.28513558201058203 0.2696397569444444 0.2576609347442681 0.03952752976190476
1 0.2906470458553792 0.32350570436507936 0.26868386243386244 0.04185267857142857
1 0.35540674603174605 0.3824094742063492 0.4064704585537919 0.04185267857142857
1 0.38158619929453264 0.43278769841269843 0.4560736331569665 0.04030257936507937
1 0.2899581128747795 0.48742869543650796 0.27557319223985893 0.042627728174603176
1 0.35885141093474426 0.5339316716269841 0.41335978835978837 0.03642733134920635
1 0.3140707671957672 0.5893477182539683 0.3293099647266314 0.04185267857142857
1 0.3753858024691358 0.6447637648809523 0.4546957671957672 0.042627728174603176
1 0.41189925044091713 0.7102554563492064 0.533234126984127 0.044952876984126984
1 0.320271164021164 0.7749720982142857 0.3499779541446208 0.045727926587301584