6 0.45323522927689597 0.5114552331349206 0.6682649911816578 0.6301153273809523
3 0.23070987654320987 0.2545262896825397 0.15432098765432098 0.013950892857142858
3 0.23897707231040563 0.3483072916666667 0.15432098765432098 0.01240079365079365
3 0.24379960317460317 0.43743799603174605 0.14467592592592593 0.010850694444444444
3 0.24448853615520283 0.52734375 0.14329805996472664 0.010850694444444444
3 0.45943562610229277 0.7025049603174603 0.2810846560846561 0.017051091269841268
0 0.4566798941798942 0.7633463541666666 0.3279320987654321 0.0736297123015873
0 0.22726521164021163 0.6335255456349206 0.11987433862433862 0.0480530753968254
0 0.3753858024691358 0.6323629712301587 0.14054232804232805 0.04727802579365079
0 0.5338403880070547 0.6312003968253969 0.13227513227513227 0.044952876984126984
0 0.6860945767195767 0.6319754464285714 0.1253858024691358 0.04650297619047619
9 0.21899801587301587 0.3014167906746032 0.11711860670194003 0.05037822420634921
9 0.3705632716049383 0.2994791666666667 0.13365299823633156 0.052703373015873016
9 0.5297067901234568 0.29792906746031744 0.14605379188712522 0.052703373015873016
9 0.22450947971781304 0.39209759424603174 0.11711860670194003 0.05037822420634921
9 0.3753858024691358 0.39054749503968256 0.13778659611992947 0.048828125
9 0.5324625220458554 0.38938492063492064 0.14605379188712522 0.0496031746031746
9 0.23070987654320987 0.4796781994047619 0.11022927689594356 0.044177827380952384
9 0.37469686948853614 0.4789031498015873 0.13916446208112876 0.044177827380952384
9 0.5338403880070547 0.47619047619047616 0.13227513227513227 0.043402777777777776
9 0.22864307760141092 0.5688089037698413 0.11987433862433862 0.044177827380952384
9 0.37607473544973546 0.5660962301587301 0.13089726631393298 0.043402777777777776
9 0.533151455026455 0.5657087053571429 0.13365299823633156 0.044177827380952384
4 0.673693783068783 0.29521639384920634 0.10609567901234568 0.051928323412698416
4 0.6709380511463845 0.38589719742063494 0.10333994708994709 0.05037822420634921
4 0.6778273809523809 0.4765780009920635 0.10885141093474426 0.045727926587301584
4 0.6785163139329806 0.5653211805555556 0.12125220458553791 0.04650297619047619