6 0.49862486248624854 0.5191287878787879 0.8146314631463147 0.959469696969697
3 0.45544554455445546 0.08219696969696969 0.4576457645764575 0.056818181818181816
3 0.466996699669967 0.18484848484848487 0.243124312431243 0.033333333333333375
3 0.4834983498349835 0.34810606060606064 0.19251925192519265 0.0462121212121213
3 0.5176017601760177 0.49696969696969695 0.3883388338833884 0.06818181818181818
3 0.48294829482948287 0.6549242424242425 0.2706270627062706 0.029545454545454545
4 0.4900990099009901 0.24166666666666667 0.5577557755775577 0.07272727272727272
4 0.5143014301430142 0.5742424242424242 0.5313531353135313 0.07575757575757572
4 0.526952695269527 0.7246212121212122 0.5148514851485149 0.07803030303030285
4 0.5324532453245324 0.8079545454545455 0.5082508250825083 0.0659090909090909
0 0.5247524752475248 0.9053030303030303 0.2728272827282727 0.1
0 0.5165016501650165 0.415530303030303 0.5511551155115512 0.07954545454545454