3 0.5100814176245212 0.06255506607929516 0.48970306513409967 0.039495670666869216
3 0.15567528735632186 0.14344523773355614 0.12332375478927196 0.02962175300015193
3 0.1718390804597702 0.2004101473492329 0.1388888888888889 0.03114081725656997
3 0.1592672413793104 0.2604131854777457 0.10416666666666667 0.031140817256569923
3 0.16824712643678166 0.32117575573446755 0.10536398467432946 0.031140817256570023
3 0.41908524904214567 0.3883943490809662 0.1975574712643679 0.031900349384779016
3 0.2119492337164752 0.4400425337991797 0.144875478927203 0.016709706820598504
3 0.22392241379310351 0.4947288470302294 0.17121647509578553 0.02278596384627067
3 0.4855363984674331 0.8118335105574965 0.131704980842912 0.018988303205225692
9 0.5513888888888889 0.11762114537444934 0.29454022988505735 0.061522102384930895
9 0.5495929118773948 0.1814218441440073 0.28855363984674337 0.06759835941060306
0 0.5645593869731802 0.24370347865714723 0.2849616858237547 0.053926781102840694
0 0.5693486590038315 0.30332675072155557 0.2897509578544062 0.05924350600030386
4 0.6340038314176246 0.4294090840042534 0.24185823754789276 0.04557192769254144
4 0.6393917624521073 0.527768494607322 0.23826628352490423 0.04025520279507837
0 0.635799808429119 0.4753607777608993 0.23587164750957865 0.04329333130791435
0 0.2909722222222223 0.5384019444022482 0.2765804597701148 0.04936958833358652
0 0.5310344827586209 0.5824548078383717 0.7399425287356323 0.05696490961567668
0 0.4226772030651342 0.9079143247759381 0.23587164750957848 0.05620537748746768
0 0.6878831417624522 0.9022178338143703 0.23946360153256718 0.050888652590004406
9 0.5531848659003833 0.841075497493544 0.7818486590038316 0.04861005620537752
6 0.5076867816091954 0.4909311863891843 0.9806034482758622 0.9570104815433693