0 0.1631060177325033 0.12488393686165274 0.19689681192227876 0.06514511636265614
0 0.20849839652895683 0.6437984844400515 0.17921146953405007 0.05765717195315534
0 0.4519666100735711 0.6393057177943511 0.25348990756461043 0.0621499385988559
0 0.7644076589322768 0.6325665678258005 0.24405772495755518 0.06664270524455625
0 0.23561592152424074 0.7564920478030371 0.25702697604225627 0.09584568844160903
0 0.5073806828900208 0.7463833228502111 0.24877381626108278 0.0831161829454578
0 0.7820930013205056 0.7403929673226107 0.22283531409168092 0.08161859406355776
0 0.31696849651009246 0.8785455416778987 0.351348802112809 0.09135292179590868
0 0.6730333899264291 0.8673136250636475 0.325410299943407 0.08686015515020812
3 0.5109177513676665 0.12675592296402793 0.3831824184116205 0.05241561086650492
3 0.47731560083003216 0.24581423907508912 0.4975476325221657 0.055410788630305165
3 0.49617996604414266 0.40980022164315455 0.6484625542350501 0.17671548806421655
6 0.4997170345217883 0.5161290322580645 0.931428032446708 0.9315002845418876