6 0.5035273368606702 0.4777405753968254 0.8708112874779541 0.7161458333333334
3 0.48492614638447973 0.1588076636904762 0.701333774250441 0.0240265376984127
3 0.18799603174603174 0.2324373759920635 0.19290123456790123 0.020926339285714284
3 0.14390432098765432 0.34869481646825395 0.11022927689594356 0.020926339285714284
3 0.14321538800705466 0.4781281001984127 0.11160714285714286 0.01937624007936508
3 0.5090388007054674 0.6579396081349206 0.8129409171075838 0.033327132936507936
3 0.5297067901234568 0.8144996279761905 0.2259700176366843 0.022476438492063492
7 0.5076609347442681 0.2525886656746032 0.6448412698412699 0.017826140873015872
7 0.5159281305114638 0.39248511904761907 0.6227954144620811 0.0248015873015873
7 0.500082671957672 0.5242435515873016 0.748181216931217 0.021701388888888888
9 0.4001873897707231 0.5939980158730159 0.48225308641975306 0.043402777777777776
0 0.7666997354497355 0.5951605902777778 0.15983245149911818 0.03177703373015873
0 0.24724426807760141 0.7199435763888888 0.1736111111111111 0.03177703373015873
0 0.5055941358024691 0.7207186259920635 0.1722332451499118 0.0240265376984127
0 0.750165343915344 0.7203311011904762 0.15983245149911818 0.027901785714285716
0 0.37194113756613756 0.7722594246031746 0.13640873015873015 0.0248015873015873
0 0.6392471340388007 0.7718718998015873 0.15569885361552027 0.025576636904761904