6 0.5040183387270766 0.5096404733009708 0.9695253505933116 0.9177791262135921
3 0.47030744336569585 0.08791717233009709 0.8859223300970874 0.04702669902912622
3 0.5282901833872706 0.30863925970873785 0.6971413160733547 0.0849514563106796
3 0.1689320388349514 0.4114153519417475 0.1887810140237325 0.05992111650485441
3 0.20466558791801504 0.5251896237864078 0.26294498381877024 0.049302184466019486
3 0.6604368932038835 0.7182266383495145 0.31957928802588986 0.13956310679611655
2 0.37389428263214675 0.7208813713592234 0.20765911542610588 0.11453276699029118
0 0.5087378640776699 0.9032994538834952 0.9088457389428263 0.10012135922330075
9 0.5080636461704422 0.5904202063106796 0.8724379719525351 0.06598907766990295
9 0.506715210355987 0.4641307645631068 0.8643473570658038 0.05764563106796121
4 0.4925566343042071 0.1360816140776699 0.8818770226537217 0.05081917475728157