6 0.48446601941747575 0.4952290655339805 0.9196332254584682 0.9223300970873787
3 0.44401294498381877 0.07729824029126213 0.6580366774541533 0.05764563106796117
3 0.25320927723840336 0.12242870145631066 0.4058791801510247 0.032615291262135936
3 0.28894282632146706 0.22937651699029127 0.44228694714131617 0.05233616504854375
3 0.2673678532901833 0.3268431432038835 0.3478964401294497 0.03640776699029127
3 0.4426645091693634 0.4208965412621358 0.5960086299892124 0.04702669902912615
3 0.3138888888888889 0.4561665655339805 0.42475728155339804 0.031098300970873894
3 0.31658576051779935 0.5232933859223301 0.44363538295577126 0.03033980582524265
3 0.4453613807982739 0.5885239684466019 0.2588996763754044 0.03033980582524265
3 0.18781014023732467 0.6207600121359222 0.19147788565264282 0.031098300970873894
3 0.3192826321467098 0.6765094053398059 0.46251348435814443 0.03033980582524265
3 0.4635652642934196 0.7459117111650485 0.3465480043149948 0.03868325242718455
3 0.29366235167206045 0.7823194781553398 0.39778856526429346 0.03413228155339816
3 0.3240021574973031 0.8657539441747574 0.4314994606256742 0.03564927184466029
4 0.47300431499460627 0.16717991504854368 0.8373786407766992 0.044751213592233
4 0.4972761596548005 0.2813334344660194 0.8211974110032363 0.04702669902912628
4 0.5067152103559871 0.3738698422330097 0.8238942826321467 0.0379247572815534
4 0.50873786407767 0.49067809466019413 0.8306364617044228 0.031856796116504785
4 0.5100862998921252 0.555908677184466 0.8306364617044228 0.03337378640776691
4 0.50873786407767 0.645411104368932 0.8387270765911542 0.03033980582524265
4 0.5114347357065804 0.7136756674757281 0.8360302049622438 0.028822815533980518
4 0.5154800431499461 0.829346177184466 0.8252427184466019 0.04475121359223309
4 0.5195253505933117 0.9173316140776698 0.8063646170442288 0.04778519417475735