6 0.49031399922693886 0.4675439927184466 0.8958413860530682 0.8335861650485435
0 0.48974557195152446 0.8191064927184467 0.6423228212182532 0.08950242718446608
3 0.2765853436711307 0.7045737257281554 0.30695072872376705 0.0758495145631068
3 0.5858097814965553 0.6935755461165047 0.09322207316795894 0.037166262135922425
3 0.348207180373343 0.634033677184466 0.43655214751824645 0.06523058252427187
3 0.348207180373343 0.5741125606796116 0.4069939291966986 0.06371359223300957
2 0.6130942907164456 0.5665276092233009 0.05684272754143849 0.040958737864077575
2 0.6278733998772196 0.6241732402912621 0.07275869125304119 0.03640776699029118
0 0.4488188081216889 0.5020555218446602 0.6036697664900753 0.07281553398058253
5 0.46814533548577786 0.29195236650485434 0.7196289306746093 0.3033980582524272
3 0.26749050726450047 0.10612105582524271 0.37516200177349307 0.04702669902912619
3 0.8393283463313703 0.10422481796116505 0.04092676382983578 0.053853155339805836