0 0.21475671475671462 0.08480186267348429 0.10920010920010922 0.06239347455563673
0 0.5045570045570045 0.18143565863160455 0.6678006678006677 0.07152422692963233
0 0.5103320103320103 0.2613297419040662 0.6394506394506394 0.07913318724129527
9 0.5145320145320145 0.34997412953494034 0.6310506310506311 0.08750304358412464
9 0.5092820092820093 0.44280344533722904 0.5974505974505974 0.09967738008278546
0 0.25413175413175404 0.5280238008278548 0.1690501690501691 0.09967738008278565
3 0.4168819168819167 0.6151463963963963 0.5029505029505028 0.04565376186997819
9 0.2688317688317688 0.7018885439493547 0.22995022995022996 0.08522035549062583
4 0.5297570297570297 0.7056930241051862 0.1911001911001909 0.09435110786462146
4 0.7628572628572627 0.6965622717311906 0.1848001848001846 0.09282931580228873
4 0.8337323337323335 0.8540677501826149 0.0976500976500976 0.06848064280496709
4 0.7108822108822107 0.8502632700267835 0.1102501102501105 0.06391526661796947
4 0.5507570507570506 0.8495023739956172 0.1386001386001385 0.07456781105429745
4 0.39430689430689425 0.8517850620891162 0.14070014070014067 0.07913318724129527
4 0.2047817047817047 0.8426543097151205 0.148050148050148 0.07761139517896273