6 0.5085747548470873 0.50465081048326 0.9022522724219765 0.9134979548553249
3 0.4207003089598352 0.10168156339948493 0.6056060538216989 0.07726102105741552
3 0.895893968566695 0.1119072867747311 0.03582143017059963 0.062869262232995
0 0.34457976984731115 0.1781851234661415 0.4824698876102629 0.11513407059536433
0 0.7330184032597501 0.17894258445690045 0.4533649755966506 0.09544008483563099
3 0.39663278556396353 0.4645053779730343 0.3470201047776832 0.063626723223754
9 0.5578292213316617 0.555021966368732 0.7007567277123538 0.05983941826995906
9 0.5242466305467246 0.7402211786093016 0.6850848520127166 0.07574609907589756
3 0.29140733443782746 0.6572792001211938 0.2238839385662473 0.06286926223299495
8 0.5449558948641025 0.8333888804726556 0.7220257018761472 0.063626723223754
0 0.49570142837952796 0.9269353128313892 0.8742667801011954 0.0628692622329951