0 0.21753246753246744 0.07733585858585859 0.06313131313131316 0.05035473785473785
3 0.45452541285874615 0.09311868686868685 0.24250440917107588 0.0683922558922559
3 0.512646304312971 0.2396735209235209 0.21645021645021645 0.0759078884078884
3 0.5041285874619207 0.42530964405964405 0.2054272887606222 0.07891414141414137
3 0.5141494308160974 0.5959145021645021 0.25152316818983483 0.06989538239538244
3 0.5371973705307038 0.7849326599326599 0.2775773609106943 0.07966570466570484
9 0.4740660573993906 0.6819684944684944 0.47999839666506333 0.07515632515632514
9 0.47757335257335254 0.873241341991342 0.48300464967131645 0.07139850889850892
9 0.47156084656084646 0.5143698893698894 0.48500881834215165 0.06914381914381902
9 0.4685545935545935 0.32835798460798454 0.5190796857463523 0.062379749879749875
6 0.48859628026294694 0.4906956469456469 0.8116883116883118 0.9371993746993746