6 0.4689792976939203 0.4467385912698413 0.8762447589098532 0.6944444444444444
2 0.5303983228511531 0.5424572172619048 0.43238993710691825 0.2007378472222222
3 0.49846042976939203 0.3246682787698413 0.5486766247379455 0.053478422619047616
7 0.2708005765199161 0.1557074652777778 0.33575733752620546 0.044177827380952384
0 0.5009171907756813 0.1580326140873016 0.09171907756813417 0.04727802579365079
0 0.590998427672956 0.15299479166666666 0.06551362683438156 0.03720238095238095
0 0.676166142557652 0.15028211805555555 0.07861635220125786 0.034877232142857144
0 0.7752555031446541 0.15105716765873015 0.10645964360587003 0.03797743055555555
0 0.22248427672955975 0.7292441716269841 0.1179245283018868 0.051928323412698416
0 0.36988993710691825 0.7276940724206349 0.12447589098532495 0.053478422619047616
0 0.5336740041928721 0.7234312996031746 0.11464884696016772 0.05580357142857143
0 0.6925445492662474 0.7238188244047619 0.1310272536687631 0.055028521825396824
3 0.5516902515723271 0.3951977926587302 0.3341194968553459 0.027126736111111112