6 0.5017361111111112 0.46068948412698413 0.905725890985325 0.7455977182539683
1 0.4190251572327044 0.1615203373015873 0.5535901467505241 0.052703373015873016
3 0.21838967505241091 0.24018787202380953 0.1523191823899371 0.020926339285714284
3 0.20692479035639413 0.3068421378968254 0.21783280922431866 0.020926339285714284
7 0.6212984800838575 0.3033544146825397 0.5224711740041929 0.03720238095238095
7 0.6253930817610063 0.24251302083333334 0.4979035639412998 0.04107762896825397
3 0.42311975890985326 0.5858599950396826 0.3455843815513627 0.0240265376984127
3 0.4681603773584906 0.6358506944444444 0.38653039832285113 0.023251488095238096
3 0.45178197064989517 0.6800285218253969 0.3636006289308176 0.027901785714285716
3 0.4542387316561845 0.726531498015873 0.3292059748427673 0.026351686507936508
3 0.477168501048218 0.7877604166666666 0.3292059748427673 0.026351686507936508
2 0.6966391509433962 0.5850849454365079 0.1097353249475891 0.042627728174603176
2 0.7056472746331237 0.6308128720238095 0.09499475890985325 0.034877232142857144
2 0.704828354297694 0.6792534722222222 0.10318396226415094 0.034102182539682536
2 0.7015526729559748 0.7307942708333334 0.09335691823899371 0.034877232142857144
2 0.6966391509433962 0.7827225942460317 0.0802541928721174 0.034877232142857144