3 0.24311067019400354 0.15958271329365079 0.2535273368606702 0.03952752976190476
3 0.24242173721340388 0.2398003472222222 0.22459215167548502 0.027901785714285716
3 0.3733190035273369 0.35877046130952384 0.45882936507936506 0.030226934523809524
3 0.39812059082892415 0.5525328621031746 0.4836309523809524 0.034877232142857144
3 0.380897266313933 0.7490079365079365 0.43816137566137564 0.04650297619047619
8 0.42567791005291006 0.28824094742063494 0.56630291005291 0.04727802579365079
8 0.3533399470899471 0.4072110615079365 0.4106040564373898 0.034102182539682536
8 0.43601190476190477 0.4537140376984127 0.5869708994708994 0.031001984126984128
8 0.45805776014109345 0.49130394345238093 0.6255511463844797 0.03797743055555555
8 0.369185405643739 0.5986483134920635 0.39544753086419754 0.03875248015873016
8 0.47872574955908287 0.6408885168650794 0.6172839506172839 0.05037822420634921
8 0.4773478835978836 0.6935918898809523 0.6172839506172839 0.053478422619047616
8 0.36160714285714285 0.7989986359126984 0.3610008818342152 0.042627728174603176
8 0.4904376102292769 0.8338758680555556 0.6186618165784833 0.05967881944444445
8 0.462880291005291 0.8889043898809523 0.5855930335097002 0.045727926587301584
0 0.7177854938271605 0.14950706845238096 0.14192019400352734 0.044177827380952384
6 0.4615024250440917 0.5246310763888888 0.7564484126984127 0.8548797123015873