6 0.4904376102292769 0.5017671130952381 0.7399140211640212 0.7486979166666666
3 0.48561507936507936 0.17469618055555555 0.3747795414462081 0.01240079365079365
3 0.4938822751322751 0.3266059027777778 0.38580246913580246 0.020151289682539684
3 0.5042162698412699 0.4986669146825397 0.39544753086419754 0.018601190476190476
3 0.4807925485008818 0.6459263392857143 0.23285934744268078 0.0248015873015873
8 0.4869929453262787 0.8265128968253969 0.5759479717813051 0.035652281746031744
0 0.23208774250440917 0.5626085069444444 0.1267636684303351 0.06277901785714286
0 0.3939869929453263 0.5645461309523809 0.14743165784832452 0.06045386904761905
0 0.5648423721340388 0.5676463293650794 0.13916446208112876 0.06820436507936507
0 0.7439649470899471 0.5703590029761905 0.1501873897707231 0.0705295138888889
9 0.5111055996472663 0.4087611607142857 0.4174933862433862 0.08525545634920635
9 0.49181547619047616 0.24561321924603174 0.43953924162257496 0.08293030753968254
0 0.49250440917107585 0.7164558531746031 0.3306878306878307 0.06665426587301587