6 0.48591748494767034 0.5165323069462965 0.6960439649250414 0.8410110316401986
3 0.3288277366953569 0.1668687113589526 0.3192306138117751 0.06591708085828585
3 0.4576312280276396 0.48054309613286456 0.1303188265244271 0.014395684325372736
3 0.270739887663151 0.575630379439932 0.14648240190730197 0.015153351921444964
3 0.28488301612316635 0.6343496181355316 0.1586050834444579 0.01439568432537293
3 0.2884187982381702 0.702160867983998 0.15355396613730946 0.015153351921444964
3 0.28538812785388123 0.7623954418717419 0.1293086030629975 0.017426354709661845
9 0.2747807815088697 0.6002545763122802 0.16062553036731717 0.026518365862528787
9 0.28084212227744765 0.6638986543823493 0.1586050834444579 0.028033701054673437
9 0.3010465915060411 0.732467571826888 0.17476865882733264 0.03182203903503458
9 0.2975108093910372 0.7938386471087403 0.16365620075160636 0.03030670384288993
0 0.37832868630541067 0.8635440659473875 0.1656766476744655 0.062128742877924706
0 0.5808784903220592 0.8703630743120377 0.15254374267587995 0.06364407807006917
1 0.26770921727886204 0.2536216511092253 0.19699357497878534 0.051521396532913113
1 0.6202772053178162 0.2581676566856589 0.20305491574736328 0.051521396532913113
1 0.2742756697781548 0.3327979148987755 0.20002424536307423 0.050763728936840884
1 0.6253283226249646 0.3426475936477148 0.21719804420737873 0.05227906412898534
1 0.28589323958459606 0.4150048490726148 0.19699357497878534 0.051521396532913113
1 0.62381298743282 0.4282640320038792 0.21416737382308956 0.04621772336040732
9 0.45914656321978414 0.5199418111286216 0.2141673738230898 0.04167171778397375