6 0.45874669312169314 0.5118427579365079 0.8336089065255732 0.8448040674603174
3 0.30304783950617287 0.8462766617063492 0.31277557319223986 0.033327132936507936
3 0.23415454144620812 0.15221974206349206 0.20805776014109348 0.017051091269841268
3 0.24586640211640212 0.29211619543650796 0.21219135802469136 0.013175843253968254
3 0.24655533509700175 0.43898809523809523 0.22459215167548502 0.015500992063492064
3 0.2183090828924162 0.5897352430555556 0.19014550264550265 0.016276041666666668
1 0.6358024691358025 0.7757471478174603 0.25903880070546736 0.044177827380952384
9 0.39192019400352734 0.22313678075396826 0.5070546737213404 0.08138020833333333
9 0.3864087301587302 0.3610956101190476 0.4877645502645503 0.07983010912698413
9 0.380897266313933 0.5161055307539683 0.48500881834215165 0.07672991071428571
9 0.3609182098765432 0.653289310515873 0.47260802469135804 0.06897941468253968
4 0.29202491181657847 0.7726469494047619 0.3568672839506173 0.04727802579365079
0 0.6227127425044092 0.8575148809523809 0.26592813051146386 0.06355406746031746
0 0.1962632275132275 0.7145182291666666 0.15432098765432098 0.042627728174603176
0 0.3802083333333333 0.7180059523809523 0.15845458553791889 0.043402777777777776
0 0.5724206349206349 0.718781001984127 0.15432098765432098 0.043402777777777776
0 0.7474096119929453 0.7222687251984127 0.13227513227513227 0.045727926587301584
0 0.736386684303351 0.5862475198412699 0.14329805996472664 0.09145585317460317
0 0.7639440035273368 0.2878534226190476 0.15707671957671956 0.10230654761904762