6 0.4801036155202822 0.5207558283730159 0.8129409171075838 0.8021763392857143
0 0.21004188712522046 0.1874844990079365 0.14329805996472664 0.05812872023809524
0 0.4828593474426808 0.2688647073412698 0.6834215167548501 0.08293030753968254
0 0.48217041446208114 0.3583829365079365 0.6627535273368607 0.07905505952380952
0 0.48148148148148145 0.43937562003968256 0.6558641975308642 0.0720796130952381
0 0.4876818783068783 0.5319940476190477 0.6544863315696648 0.08370535714285714
0 0.2637786596119929 0.6432136656746031 0.20943562610229277 0.055028521825396824
3 0.36436287477954143 0.7121930803571429 0.3830467372134039 0.016276041666666668
3 0.35265101410934746 0.8203125 0.3816688712522046 0.018601190476190476
4 0.4773478835978836 0.7602461557539683 0.6227954144620811 0.053478422619047616
9 0.4739032186948854 0.8617776537698413 0.6351962081128748 0.06587921626984126