9 0.4521138211382113 0.17373475609756098 0.6653116531165313 0.0891768292682927
9 0.44804878048780483 0.28272865853658535 0.6761517615176152 0.10137195121951216
9 0.44601626016260154 0.5876067073170731 0.7127371273712736 0.09375
4 0.24886178861788608 0.39743902439024387 0.3102981029810298 0.07317073170731703
4 0.6160704607046069 0.38295731707317077 0.34010840108401097 0.06554878048780495
0 0.2827371273712736 0.4889024390243902 0.19376693766937655 0.06859756097560975
0 0.7095663956639565 0.474420731707317 0.18834688346883469 0.05335365853658544
0 0.4981842818428183 0.48509146341463405 0.08807588075880782 0.05792682926829258
0 0.26850948509485084 0.6969817073170731 0.35501355013550123 0.10365853658536593
0 0.643170731707317 0.6851676829268292 0.3048780487804879 0.09832317073170721
6 0.4460162601626016 0.4473628048780487 0.8130081300813009 0.6852134146341463