6 0.4558225273328247 0.4951317688159793 0.8824900415289432 0.8939014202172094
3 0.22381133994406294 0.11615402141717929 0.2680311890838207 0.06303637882585249
3 0.6608187134502922 0.11159717475506949 0.19069412662090002 0.01898686109212425
3 0.6576404780066105 0.18944330523277889 0.19916942113738442 0.045568466621098216
3 0.19891516230188988 0.20121515910989593 0.25002118823629116 0.0524037366142629
3 0.23228663446054743 0.3682995367205893 0.3654970760233917 0.061517429938482596
3 0.18832104415628437 0.5676615781878939 0.24366471734892794 0.030378977747398877
0 0.2645986948046443 0.7727196779828358 0.3559623696923468 0.1427811954127743
0 0.2566531061954402 0.653861927546138 0.35702178150690744 0.09341535657325126
9 0.21639545724213904 0.28171945014050276 0.31464530892448506 0.0797448165869219
9 0.6782990083905415 0.27488418014733806 0.2955758962623949 0.09341535657325126
4 0.2439401644207135 0.46589200273410797 0.37609119416899744 0.09873167767904605