0 0.08868153264024099 0.07575111948387869 0.06490087310042496 0.05532007146755178
3 0.6801366591969435 0.12509064268466813 0.29511529089061145 0.044854112000717684
3 0.9005547187832923 0.12733334828470402 0.11633175367057297 0.019436781866977625
3 0.86810428223308 0.17256124455209434 0.17388535811811953 0.018689213333632392
3 0.6525844017486501 0.17106610748540374 0.22286714913730832 0.03812599520061002
3 0.5466612786696546 0.4016910000224271 0.4371624848462584 0.0553200714675518
3 0.5252317450987596 0.5642871560250287 0.38205796994967134 0.048591954667444134
3 0.5515594577715734 0.7960334013620699 0.3489952610117189 0.041116269333991234
0 0.21236055496369224 0.293667346954032 0.29021711178869253 0.09045579253478067
0 0.5129862973439625 0.2910508570873235 0.2645016715036185 0.09718390933488827
1 0.23256554375910757 0.5097146530908222 0.35021980578719863 0.06204818826765947
1 0.21236055496369236 0.6498837530930649 0.2975643804415709 0.053824934400861266
1 0.23134099898362784 0.7108105885607063 0.30858528342088826 0.04560168053406292
1 0.2441987191261649 0.7668782285616035 0.326953455053084 0.04709681760075367
1 0.2215446407797901 0.8633145693631464 0.2767471192584157 0.04560168053406292
1 0.21174828257595243 0.9178870722973529 0.2400107759940241 0.0456016805340632
1 0.21174828257595243 0.960124694431362 0.23756168644306488 0.0299027413338116
6 0.5007408495891653 0.4985011250906427 0.9673903726289752 0.9725866618822281