6 0.49594907407407407 0.46107700892857145 0.78125 0.6657676091269841
3 0.2541335978835979 0.7424200148809523 0.19565696649029982 0.01937624007936508
8 0.47183641975308643 0.6765407986111112 0.6117724867724867 0.01472594246031746
8 0.4842372134038801 0.6385633680555556 0.6090167548500882 0.01472594246031746
8 0.4842372134038801 0.5990358382936508 0.5952380952380952 0.01937624007936508
8 0.486304012345679 0.5560205853174603 0.593860229276896 0.01240079365079365
8 0.498015873015873 0.5133928571428571 0.6062610229276896 0.018601190476190476
8 0.5055941358024691 0.46805245535714285 0.6186618165784833 0.022476438492063492
8 0.5042162698412699 0.42116195436507936 0.6048831569664903 0.021701388888888888
8 0.5035273368606702 0.3812468998015873 0.603505291005291 0.017826140873015872
8 0.5111055996472663 0.34055679563492064 0.6186618165784833 0.018601190476190476
3 0.3843419312169312 0.27196490575396826 0.34584435626102294 0.016276041666666668
3 0.296847442680776 0.17392113095238096 0.13227513227513227 0.010850694444444444
0 0.7632550705467372 0.17973400297619047 0.11160714285714286 0.034877232142857144
4 0.7611882716049383 0.2731274801587302 0.14054232804232805 0.035652281746031744
4 0.720541225749559 0.7474578373015873 0.13640873015873015 0.032552083333333336