0 0.5620866402116402 0.1878720238095238 0.56630291005291 0.052703373015873016
0 0.320271164021164 0.3021918402777778 0.07716049382716049 0.033327132936507936
0 0.4132771164021164 0.30529203869047616 0.07302689594356261 0.034877232142857144
0 0.30855930335097004 0.409148685515873 0.0757826278659612 0.033327132936507936
0 0.4070767195767196 0.41224888392857145 0.06889329805996473 0.033327132936507936
0 0.27824625220458554 0.5164930555555556 0.07302689594356261 0.031001984126984128
0 0.3829640652557319 0.5199807787698413 0.07853835978835978 0.030226934523809524
0 0.25551146384479717 0.6525142609126984 0.06613756613756613 0.03797743055555555
0 0.35265101410934746 0.6560019841269841 0.07027116402116403 0.035652281746031744
0 0.23277667548500883 0.754820808531746 0.09507275132275132 0.044177827380952384
0 0.3533399470899471 0.7563709077380952 0.09369488536155203 0.042627728174603176
3 0.32509369488536155 0.23786272321428573 0.08404982363315697 0.01472594246031746
3 0.31062610229276894 0.3521825396825397 0.08542768959435626 0.01240079365079365
3 0.3023589065255732 0.4603019593253968 0.0992063492063492 0.010075644841269842
3 0.26515652557319225 0.5862475198412699 0.09369488536155203 0.013950892857142858
7 0.5572641093474426 0.279327876984127 0.5511463844797179 0.027901785714285716
7 0.544863315696649 0.37117125496031744 0.556657848324515 0.027126736111111112
7 0.511794532627866 0.48704117063492064 0.5263447971781305 0.0248015873015873
7 0.4670138888888889 0.6191871279761905 0.5139440035273368 0.028676835317460316
6 0.5166170634920635 0.4800657242063492 0.7729828042328042 0.6820436507936508