6 0.4807925485008818 0.48742869543650796 0.8721891534391535 0.7091703869047619
2 0.44496803350970016 0.5784970238095238 0.29624118165784835 0.15345982142857142
0 0.18386243386243387 0.7877604166666666 0.07991622574955909 0.03875248015873016
0 0.2996031746031746 0.788147941468254 0.1019620811287478 0.044177827380952384
0 0.4525462962962963 0.7877604166666666 0.1267636684303351 0.0496031746031746
0 0.6337356701940036 0.7823350694444444 0.16396604938271606 0.0480530753968254
3 0.4566798941798942 0.3812468998015873 0.39131393298059963 0.028676835317460316
3 0.4497905643738977 0.4552641369047619 0.19565696649029982 0.010850694444444444
7 0.2562003968253968 0.17585875496031747 0.3045083774250441 0.020926339285714284
0 0.5042162698412699 0.1805090525793651 0.08404982363315697 0.03642733134920635
0 0.6144455467372134 0.1851593501984127 0.08404982363315697 0.033327132936507936
0 0.7143408289241623 0.18670944940476192 0.07991622574955909 0.03177703373015873
0 0.8011463844797179 0.185546875 0.07164902998236332 0.031001984126984128